chrom	start	end	genes	field	previous	current
NC_051805.1	5377330	5428711	LOC111090571/LOC111090572	atac_mean	0.9521743254099306	0.9568234426151293
NC_051805.1	5377330	5428711	LOC111090571/LOC111090572	atac_mean_percentile	0.327	0.31566666666666665
NC_051805.1	5377330	5428711	LOC111090571/LOC111090572	atac_mean_narrow	0.9666322712637484	0.9702642517152664
NC_051805.1	5377330	5428711	LOC111090571/LOC111090572	atac_mean_narrow_percentile	0.3973333333333333	0.3923333333333333
NC_051805.1	5377330	5428711	LOC111090571/LOC111090572	atac_variability	0.05014803755382431	0.05014803792150463
NC_051805.1	5377330	5428711	LOC111090571/LOC111090572	score_stability_atac	0.6983	0.6987
NC_051805.1	5377330	5428711	LOC111090571/LOC111090572	final_score	0.5739	0.574
NC_051805.1	7072137	7132579	LOC111090579/LOC100685067	atac_mean	0.9394483517755928	0.9394420234717034
NC_051805.1	7072137	7132579	LOC111090579/LOC100685067	atac_mean_percentile	0.264	0.227
NC_051805.1	7072137	7132579	LOC111090579/LOC100685067	atac_mean_narrow	0.9361465922668576	0.9361402849227191
NC_051805.1	7072137	7132579	LOC111090579/LOC100685067	atac_mean_narrow_percentile	0.25666666666666665	0.22933333333333333
NC_051805.1	7072137	7132579	LOC111090579/LOC100685067	atac_variability	0.049242952746250665	0.04924295302217127
NC_051805.1	7072137	7132579	LOC111090579/LOC100685067	score_stability_atac	0.8227	0.8223
NC_051805.1	12686627	12749345	LOC111093764/LOC607190	atac_mean	0.9055627527682923	0.9522442214446171
NC_051805.1	12686627	12749345	LOC111093764/LOC607190	atac_mean_percentile	0.11766666666666667	0.293
NC_051805.1	12686627	12749345	LOC111093764/LOC607190	atac_mean_narrow	0.7788445811182261	0.9203419022862985
NC_051805.1	12686627	12749345	LOC111093764/LOC607190	atac_mean_narrow_percentile	0.04466666666666667	0.15266666666666667
NC_051805.1	12686627	12749345	LOC111093764/LOC607190	atac_variability	0.050605679229591506	0.0506056793288036
NC_051805.1	12686627	12749345	LOC111093764/LOC607190	score_stability_atac	0.6383	0.638
NC_051805.1	12686627	12749345	LOC111093764/LOC607190	final_score	0.4765	0.4764
NC_051805.1	15464961	15523285	LOC111090610/LOC100688146	atac_mean	0.9531995821364802	0.9531931597073908
NC_051805.1	15464961	15523285	LOC111090610/LOC100688146	atac_mean_percentile	0.333	0.2996666666666667
NC_051805.1	15464961	15523285	LOC111090610/LOC100688146	atac_mean_narrow	0.9668993477329612	0.966892830964923
NC_051805.1	15464961	15523285	LOC111090610/LOC100688146	atac_mean_narrow_percentile	0.3983333333333333	0.37833333333333335
NC_051805.1	15464961	15523285	LOC111090610/LOC100688146	atac_variability	0.04915564255493193	0.04915564265473246
NC_051805.1	16284172	16340519	LOC119869864/PMAIP1	atac_mean	1.2958323103411187	1.3204291611729317
NC_051805.1	16284172	16340519	LOC119869864/PMAIP1	atac_mean_percentile	0.9233333333333333	0.935
NC_051805.1	16284172	16340519	LOC119869864/PMAIP1	atac_mean_narrow	1.0873943568617106	1.0873870321810246
NC_051805.1	16284172	16340519	LOC119869864/PMAIP1	atac_mean_narrow_percentile	0.7233333333333334	0.7113333333333334
NC_051805.1	16284172	16340519	LOC119869864/PMAIP1	atac_variability	0.07116852834105629	0.07116852887506057
NC_051805.1	23540619	23593624	LOC119870725/LOC119870724	atac_mean	1.0582848083021597	1.0587770551566855
NC_051805.1	23540619	23593624	LOC119870725/LOC119870724	atac_mean_percentile	0.6696666666666666	0.6546666666666666
NC_051805.1	23540619	23593624	LOC119870725/LOC119870724	atac_mean_narrow	1.0066883541181684	1.0066815730139613
NC_051805.1	23540619	23593624	LOC119870725/LOC119870724	atac_mean_narrow_percentile	0.546	0.528
NC_051805.1	23540619	23593624	LOC119870725/LOC119870724	atac_variability	0.056217087745925265	0.056217088061393646
NC_051805.1	23540619	23593624	LOC119870725/LOC119870724	final_score_percentile	33.2	33.4
NC_051805.1	26121059	26180255	LOC111095273/LOC476208	atac_mean	0.9310292222400728	0.9425669902636593
NC_051805.1	26121059	26180255	LOC111095273/LOC476208	atac_mean_percentile	0.22333333333333333	0.244
NC_051805.1	26121059	26180255	LOC111095273/LOC476208	atac_mean_narrow	0.8311553662359714	0.8624122081780093
NC_051805.1	26121059	26180255	LOC111095273/LOC476208	atac_mean_narrow_percentile	0.05333333333333334	0.033
NC_051805.1	26121059	26180255	LOC111095273/LOC476208	atac_variability	0.049744324841838834	0.049744325017629064
NC_051805.1	26121059	26180255	LOC111095273/LOC476208	score_stability_atac	0.7523	0.7517
NC_051805.1	26121059	26180255	LOC111095273/LOC476208	final_score	0.434	0.4338
NC_051805.1	29601219	29667821	LOC100856045/IL20RA	atac_mean	0.9752333310689552	0.9752267595338147
NC_051805.1	29601219	29667821	LOC100856045/IL20RA	atac_mean_percentile	0.41833333333333333	0.3933333333333333
NC_051805.1	29601219	29667821	LOC100856045/IL20RA	atac_mean_narrow	0.9858825764730572	0.9858759344443679
NC_051805.1	29601219	29667821	LOC100856045/IL20RA	atac_mean_narrow_percentile	0.4713333333333333	0.4523333333333333
NC_051805.1	29601219	29667821	LOC100856045/IL20RA	atac_variability	0.05123184390095939	0.05123184422454053
NC_051805.1	29601219	29667821	LOC100856045/IL20RA	score_stability_atac	0.572	0.5723
NC_051805.1	29601219	29667821	LOC100856045/IL20RA	final_score	0.4175	0.4176
NC_051805.1	30822469	30875140	ARFGEF3/LOC111095460	atac_mean	0.9530785870614643	0.9535247514561667
NC_051805.1	30822469	30875140	ARFGEF3/LOC111095460	atac_mean_percentile	0.333	0.30033333333333334
NC_051805.1	30822469	30875140	ARFGEF3/LOC111095460	atac_mean_narrow	0.9412298831425607	0.9412235421471298
NC_051805.1	30822469	30875140	ARFGEF3/LOC111095460	atac_mean_narrow_percentile	0.2813333333333333	0.25466666666666665
NC_051805.1	30822469	30875140	ARFGEF3/LOC111095460	atac_variability	0.049456294240522856	0.04945629433437048
NC_051805.1	32197089	32249732	LOC119870654/LOC111090654	atac_mean	0.9730439151806226	0.973499673509925
NC_051805.1	32197089	32249732	LOC119870654/LOC111090654	atac_mean_percentile	0.4116666666666667	0.388
NC_051805.1	32197089	32249732	LOC119870654/LOC111090654	atac_mean_narrow	0.9373150307834148	0.9384818200026644
NC_051805.1	32197089	32249732	LOC119870654/LOC111090654	atac_mean_narrow_percentile	0.25933333333333336	0.23833333333333334
NC_051805.1	32197089	32249732	LOC119870654/LOC111090654	atac_variability	0.051544175840976224	0.05154417609781928
NC_051805.1	48451052	48513492	LOC111095873/RSPH3	atac_mean	1.1188058083777928	1.1192464012309145
NC_051805.1	48451052	48513492	LOC111095873/RSPH3	atac_mean_percentile	0.772	0.7623333333333333
NC_051805.1	48451052	48513492	LOC111095873/RSPH3	atac_mean_narrow	1.0410192410841583	1.0410122287005186
NC_051805.1	48451052	48513492	LOC111095873/RSPH3	atac_mean_narrow_percentile	0.6403333333333333	0.628
NC_051805.1	48451052	48513492	LOC111095873/RSPH3	atac_variability	0.05876710642610687	0.05876710661150246
NC_051805.1	54446758	54504939	LOC119869870/PRR18	atac_mean	1.233036049310045	1.233027742689355
NC_051805.1	54446758	54504939	LOC119869870/PRR18	atac_mean_percentile	0.8813333333333333	0.878
NC_051805.1	54446758	54504939	LOC119869870/PRR18	atac_mean_narrow	1.5134219624504448	1.513411764920503
NC_051805.1	54446758	54504939	LOC119869870/PRR18	atac_mean_narrow_percentile	0.9586666666666667	0.958
NC_051805.1	54446758	54504939	LOC119869870/PRR18	atac_variability	0.06493227496012698	0.06493227536448586
NC_051805.1	55288363	55358132	LOC102153253/LOC111090695	atac_mean	1.1078271191953173	1.1090118169254728
NC_051805.1	55288363	55358132	LOC102153253/LOC111090695	atac_mean_percentile	0.7543333333333333	0.7463333333333333
NC_051805.1	55288363	55358132	LOC102153253/LOC111090695	atac_mean_narrow	1.1578466733932495	1.1578388723552226
NC_051805.1	55288363	55358132	LOC102153253/LOC111090695	atac_mean_narrow_percentile	0.81	0.803
NC_051805.1	55288363	55358132	LOC102153253/LOC111090695	atac_variability	0.05676123567218814	0.056761235979758344
NC_051805.1	55810634	55864353	LOC119870159/LOC111090696	atac_mean	1.1725609673173232	1.1725530688741561
NC_051805.1	55810634	55864353	LOC119870159/LOC111090696	atac_mean_percentile	0.8333333333333334	0.828
NC_051805.1	55810634	55864353	LOC119870159/LOC111090696	atac_mean_narrow	1.15431078055501	1.1543030036568642
NC_051805.1	55810634	55864353	LOC119870159/LOC111090696	atac_mean_narrow_percentile	0.8066666666666666	0.799
NC_051805.1	55810634	55864353	LOC119870159/LOC111090696	atac_variability	0.060339790574289204	0.06033979104108712
NC_051805.1	55810634	55864353	LOC119870159/LOC111090696	score_stability_atac	0.189	0.1887
NC_051805.1	60400908	60462010	LOC119869937/LOC111089986	atac_mean	0.9014754359578095	0.9092820855175349
NC_051805.1	60400908	60462010	LOC119869937/LOC111089986	atac_mean_percentile	0.10866666666666666	0.085
NC_051805.1	60400908	60462010	LOC119869937/LOC111089986	atac_mean_narrow	0.9314316511526703	0.9314253773838281
NC_051805.1	60400908	60462010	LOC119869937/LOC111089986	atac_mean_narrow_percentile	0.23066666666666666	0.20533333333333334
NC_051805.1	60400908	60462010	LOC119869937/LOC111089986	atac_variability	0.04791870934521868	0.047918709531360265
NC_051805.1	60400908	60462010	LOC119869937/LOC111089986	score_stability_atac	0.943	0.9423
NC_051805.1	60400908	60462010	LOC119869937/LOC111089986	final_score	0.6473	0.6471
NC_051805.1	65127836	65201393	TRMT11/LOC100682630	atac_mean	1.0535969476516487	1.0553833303632367
NC_051805.1	65127836	65201393	TRMT11/LOC100682630	atac_mean_percentile	0.658	0.6476666666666666
NC_051805.1	65127836	65201393	TRMT11/LOC100682630	atac_mean_narrow	1.0157697320111096	1.0157628895632922
NC_051805.1	65127836	65201393	TRMT11/LOC100682630	atac_mean_narrow_percentile	0.5793333333333334	0.564
NC_051805.1	65127836	65201393	TRMT11/LOC100682630	atac_variability	0.05545214256029358	0.05545214290391057
NC_051805.1	65127836	65201393	TRMT11/LOC100682630	score_stability_atac	0.3183	0.3187
NC_051805.1	65127836	65201393	TRMT11/LOC100682630	final_score	0.3557	0.3558
NC_051805.1	68528776	68579924	LOC111090714/TMEM244	atac_mean	1.0063366854090374	1.0063299053346635
NC_051805.1	68528776	68579924	LOC111090714/TMEM244	atac_mean_percentile	0.5273333333333333	0.5066666666666667
NC_051805.1	68528776	68579924	LOC111090714/TMEM244	atac_mean_narrow	0.9750699210911989	0.9750633497536182
NC_051805.1	68528776	68579924	LOC111090714/TMEM244	atac_mean_narrow_percentile	0.43433333333333335	0.415
NC_051805.1	68528776	68579924	LOC111090714/TMEM244	atac_variability	0.05230873215785089	0.052308732506231956
NC_051805.1	71035668	71094862	LOC111096339/ERCC6L2	atac_mean	1.1254974131832358	1.126441314367757
NC_051805.1	71035668	71094862	LOC111096339/ERCC6L2	atac_mean_percentile	0.7803333333333333	0.773
NC_051805.1	71035668	71094862	LOC111096339/ERCC6L2	atac_mean_narrow	1.1691268627792597	1.1691189899593593
NC_051805.1	71035668	71094862	LOC111096339/ERCC6L2	atac_mean_narrow_percentile	0.8226666666666667	0.815
NC_051805.1	71035668	71094862	LOC111096339/ERCC6L2	atac_variability	0.05771910486004093	0.057719105229035145
NC_051805.1	75730614	75782632	LOC100684008/RMI1	atac_mean	0.9362977120335381	0.9541760112233378
NC_051805.1	75730614	75782632	LOC100684008/RMI1	atac_mean_percentile	0.24866666666666667	0.30433333333333334
NC_051805.1	75730614	75782632	LOC100684008/RMI1	atac_mean_narrow	0.9638355813719333	0.9638290845483541
NC_051805.1	75730614	75782632	LOC100684008/RMI1	atac_mean_narrow_percentile	0.3873333333333333	0.36466666666666664
NC_051805.1	75730614	75782632	LOC100684008/RMI1	atac_variability	0.05062792231821131	0.05062792256018577
NC_051805.1	76492055	76558248	FRMD3/LOC111096570	atac_mean	0.9608979339885003	0.9685735585319017
NC_051805.1	76492055	76558248	FRMD3/LOC111096570	atac_mean_percentile	0.36633333333333334	0.36933333333333335
NC_051805.1	76492055	76558248	FRMD3/LOC111096570	atac_mean_narrow	0.9423659930177033	0.9591446754563856
NC_051805.1	76492055	76558248	FRMD3/LOC111096570	atac_mean_narrow_percentile	0.28633333333333333	0.339
NC_051805.1	76492055	76558248	FRMD3/LOC111096570	atac_variability	0.05055685151478188	0.05055685177770599
NC_051805.1	76492055	76558248	FRMD3/LOC111096570	score_stability_atac	0.6437	0.6433
NC_051805.1	76492055	76558248	FRMD3/LOC111096570	final_score	0.6639	0.6638
NC_051805.1	78699957	78766843	LOC100685388/LOC476315	atac_mean	0.9061067066138748	0.9071177626028238
NC_051805.1	78699957	78766843	LOC100685388/LOC476315	atac_mean_percentile	0.11833333333333333	0.07766666666666666
NC_051805.1	78699957	78766843	LOC100685388/LOC476315	atac_mean_narrow	0.8536133668012917	0.8568206937280174
NC_051805.1	78699957	78766843	LOC100685388/LOC476315	atac_mean_narrow_percentile	0.062	0.030666666666666665
NC_051805.1	78699957	78766843	LOC100685388/LOC476315	atac_variability	0.04862595702757357	0.048625957123212764
NC_051805.1	78699957	78766843	LOC100685388/LOC476315	score_stability_atac	0.8957	0.896
NC_051805.1	84616059	84680359	LOC119869841/LOC100686852	atac_mean	0.9359358067256667	0.9359295009069643
NC_051805.1	84616059	84680359	LOC119869841/LOC100686852	atac_mean_percentile	0.24766666666666667	0.211
NC_051805.1	84616059	84680359	LOC119869841/LOC100686852	atac_mean_narrow	0.9246721343189478	0.9246659038811922
NC_051805.1	84616059	84680359	LOC119869841/LOC100686852	atac_mean_narrow_percentile	0.19766666666666666	0.16933333333333334
NC_051805.1	84616059	84680359	LOC119869841/LOC100686852	atac_variability	0.04979866169127902	0.04979866193506746
NC_051805.1	84616059	84680359	LOC119869841/LOC100686852	score_stability_atac	0.7473	0.747
NC_051805.1	84616059	84680359	LOC119869841/LOC100686852	final_score	0.509	0.5089
NC_051805.1	85740590	85790734	LOC119869527/LOC102153097	atac_mean	1.1453715373227644	1.1493750822402389
NC_051805.1	85740590	85790734	LOC119869527/LOC102153097	atac_mean_percentile	0.7976666666666666	0.7973333333333333
NC_051805.1	85740590	85790734	LOC119869527/LOC102153097	atac_mean_narrow	1.1460311657220126	1.1460234465658665
NC_051805.1	85740590	85790734	LOC119869527/LOC102153097	atac_mean_narrow_percentile	0.7986666666666666	0.7906666666666666
NC_051805.1	85740590	85790734	LOC119869527/LOC102153097	atac_variability	0.06283011997144176	0.0628301202981804
NC_051805.1	86132349	86196873	LOC102153343/C1H9orf85	veto_low_atac_accessibility	False	True
NC_051805.1	86132349	86196873	LOC102153343/C1H9orf85	atac_mean	1.0186103602928918	1.0205806329223717
NC_051805.1	86132349	86196873	LOC102153343/C1H9orf85	atac_mean_percentile	0.5613333333333334	0.548
NC_051805.1	86132349	86196873	LOC102153343/C1H9orf85	atac_mean_narrow	1.0129298108063638	1.0141907256491045
NC_051805.1	86132349	86196873	LOC102153343/C1H9orf85	atac_mean_narrow_percentile	0.5716666666666667	0.5586666666666666
NC_051805.1	86132349	86196873	LOC102153343/C1H9orf85	atac_variability	0.05271248554341778	0.05271248591896767
NC_051805.1	86132349	86196873	LOC102153343/C1H9orf85	final_score_percentile	19.3	19.5
NC_051805.1	87683331	87744102	KLF9/SMC5	atac_mean	1.0433526827011002	1.0442047857658674
NC_051805.1	87683331	87744102	KLF9/SMC5	atac_mean_percentile	0.6313333333333333	0.6183333333333333
NC_051805.1	87683331	87744102	KLF9/SMC5	atac_mean_narrow	1.0122798903644086	1.0135399990654708
NC_051805.1	87683331	87744102	KLF9/SMC5	atac_mean_narrow_percentile	0.5686666666666667	0.5566666666666666
NC_051805.1	87683331	87744102	KLF9/SMC5	atac_variability	0.054093999557712776	0.05409399993008223
NC_051805.1	87683331	87744102	KLF9/SMC5	score_stability_atac	0.3767	0.3763
NC_051805.1	87683331	87744102	KLF9/SMC5	final_score	0.4236	0.4235
NC_051805.1	91186888	91251253	LOC119869582/LOC111096818	atac_mean	1.0296915458630898	1.032491819807294
NC_051805.1	91186888	91251253	LOC119869582/LOC111096818	atac_mean_percentile	0.5933333333333334	0.583
NC_051805.1	91186888	91251253	LOC119869582/LOC111096818	atac_mean_narrow	1.0210045913234354	1.0209977129250765
NC_051805.1	91186888	91251253	LOC119869582/LOC111096818	atac_mean_narrow_percentile	0.5933333333333334	0.578
NC_051805.1	91186888	91251253	LOC119869582/LOC111096818	atac_variability	0.053250571582620275	0.05325057194235705
NC_051805.1	97204375	97272513	LOC102156616/LOC111090790	atac_mean	1.214940113888897	1.2284536115129074
NC_051805.1	97204375	97272513	LOC102156616/LOC111090790	atac_mean_percentile	0.869	0.876
NC_051805.1	97204375	97272513	LOC102156616/LOC111090790	atac_mean_narrow	1.2130820134952665	1.2207032381393625
NC_051805.1	97204375	97272513	LOC102156616/LOC111090790	atac_mean_narrow_percentile	0.8553333333333333	0.858
NC_051805.1	97204375	97272513	LOC102156616/LOC111090790	atac_variability	0.0639925735473322	0.06399257414278488
NC_051805.1	97204375	97272513	LOC102156616/LOC111090790	final_score_percentile	30.4	30.6
NC_051805.1	102569417	102626167	LOC119870888/LOC119871020	atac_mean	0.8721620580283556	0.946817088013685
NC_051805.1	102569417	102626167	LOC119870888/LOC119871020	atac_mean_percentile	0.06566666666666666	0.26366666666666666
NC_051805.1	102569417	102626167	LOC119870888/LOC119871020	atac_mean_narrow	0.7434149929918349	0.942516619667954
NC_051805.1	102569417	102626167	LOC119870888/LOC119871020	atac_mean_narrow_percentile	0.03966666666666667	0.2613333333333333
NC_051805.1	102569417	102626167	LOC119870888/LOC119871020	atac_variability	0.04865422862531329	0.04865422873959636
NC_051805.1	102569417	102626167	LOC119870888/LOC119871020	score_stability_atac	0.892	0.8923
NC_051805.1	118762948	118834530	LOC100685960/LOC111098307	atac_mean	0.9831867696219493	0.9842113524401132
NC_051805.1	118762948	118834530	LOC100685960/LOC111098307	atac_mean_percentile	0.451	0.42933333333333334
NC_051805.1	118762948	118834530	LOC100685960/LOC111098307	atac_mean_narrow	0.9641859852790833	0.9665959795584953
NC_051805.1	118762948	118834530	LOC100685960/LOC111098307	atac_mean_narrow_percentile	0.3883333333333333	0.37633333333333335
NC_051805.1	118762948	118834530	LOC100685960/LOC111098307	atac_variability	0.05139777413549834	0.05139777436463926
NC_051805.1	118762948	118834530	LOC100685960/LOC111098307	score_stability_atac	0.5563	0.5567
NC_051805.1	118762948	118834530	LOC100685960/LOC111098307	final_score	0.3493	0.3494
NC_051805.1	120003827	120058858	LOC102152107/DPY19L3	atac_mean	1.0730155301203232	1.074961674928804
NC_051805.1	120003827	120058858	LOC102152107/DPY19L3	atac_mean_percentile	0.6983333333333334	0.687
NC_051805.1	120003827	120058858	LOC102152107/DPY19L3	atac_mean_narrow	1.0728837647795677	1.078267878400321
NC_051805.1	120003827	120058858	LOC102152107/DPY19L3	atac_mean_narrow_percentile	0.7006666666666667	0.6986666666666667
NC_051805.1	120003827	120058858	LOC102152107/DPY19L3	atac_variability	0.05501071764859962	0.055010718036208064
NC_051806.1	2276949	2331192	CUL2/LOC111094492	atac_mean	1.023756157085919	1.0203565932635728
NC_051806.1	2276949	2331192	CUL2/LOC111094492	atac_mean_percentile	0.5746666666666667	0.5473333333333333
NC_051806.1	2276949	2331192	CUL2/LOC111094492	atac_mean_narrow	0.9908685084953904	0.9872958427369595
NC_051806.1	2276949	2331192	CUL2/LOC111094492	atac_mean_narrow_percentile	0.49	0.458
NC_051806.1	2276949	2331192	CUL2/LOC111094492	atac_variability	0.052945255072148326	0.05282379343867477
NC_051806.1	2276949	2331192	CUL2/LOC111094492	score_stability_atac	0.441	0.447
NC_051806.1	2276949	2331192	CUL2/LOC111094492	final_score	0.438	0.4392
NC_051806.1	2276949	2331192	CUL2/LOC111094492	final_score_percentile	47.5	47.7
NC_051806.1	5490645	5562196	LOC119870094/GAD2	atac_mean	0.9619353855068656	0.9657894948106304
NC_051806.1	5490645	5562196	LOC119870094/GAD2	atac_mean_percentile	0.36933333333333335	0.35733333333333334
NC_051806.1	5490645	5562196	LOC119870094/GAD2	atac_mean_narrow	0.894000703305006	0.9133474026194913
NC_051806.1	5490645	5562196	LOC119870094/GAD2	atac_mean_narrow_percentile	0.09433333333333334	0.12066666666666667
NC_051806.1	5490645	5562196	LOC119870094/GAD2	atac_variability	0.05165762673558479	0.05164808005397985
NC_051806.1	5490645	5562196	LOC119870094/GAD2	score_stability_atac	0.533	0.5343
NC_051806.1	5490645	5562196	LOC119870094/GAD2	final_score	0.3288	0.3291
NC_051806.1	9925163	9998285	LOC119869979/LOC106560013	atac_mean	0.41126728890832204	0.7496813017781575
NC_051806.1	9925163	9998285	LOC119869979/LOC106560013	atac_mean_percentile	0.011	0.003
NC_051806.1	9925163	9998285	LOC119869979/LOC106560013	atac_mean_narrow	0.3948329461827874	0.7701482706867893
NC_051806.1	9925163	9998285	LOC119869979/LOC106560013	atac_mean_narrow_percentile	0.02	0.011333333333333334
NC_051806.1	9925163	9998285	LOC119869979/LOC106560013	atac_variability	0.03632579540677788	0.03569936973366586
NC_051806.1	9925163	9998285	LOC119869979/LOC106560013	score_stability_atac	0.9923	0.9933
NC_051806.1	9925163	9998285	LOC119869979/LOC106560013	final_score	0.6767	0.6769
NC_051806.1	13354030	13405141	LOC111091364/LOC106560015	atac_mean	1.1760988272123767	1.1748367960434773
NC_051806.1	13354030	13405141	LOC111091364/LOC106560015	atac_mean_percentile	0.836	0.8296666666666667
NC_051806.1	13354030	13405141	LOC111091364/LOC106560015	atac_mean_narrow	1.0382986555583775	1.0396906689296117
NC_051806.1	13354030	13405141	LOC111091364/LOC106560015	atac_mean_narrow_percentile	0.6346666666666667	0.6263333333333333
NC_051806.1	13354030	13405141	LOC111091364/LOC106560015	atac_variability	0.05959634844245408	0.05981685461776672
NC_051806.1	13354030	13405141	LOC111091364/LOC106560015	score_stability_atac	0.205	0.2003
NC_051806.1	13354030	13405141	LOC111091364/LOC106560015	final_score	0.4786	0.4777
NC_051806.1	13354030	13405141	LOC111091364/LOC106560015	final_score_percentile	59.9	59.4
NC_051806.1	17055808	17110317	PTCHD3/ANKRD26	atac_mean	0.9534177956644931	0.9509262422441004
NC_051806.1	17055808	17110317	PTCHD3/ANKRD26	atac_mean_percentile	0.3343333333333333	0.2856666666666667
NC_051806.1	17055808	17110317	PTCHD3/ANKRD26	atac_mean_narrow	0.9830500986382366	0.9793336060121656
NC_051806.1	17055808	17110317	PTCHD3/ANKRD26	atac_mean_narrow_percentile	0.464	0.42833333333333334
NC_051806.1	17055808	17110317	PTCHD3/ANKRD26	atac_variability	0.05017742431229778	0.05013949699374523
NC_051806.1	17055808	17110317	PTCHD3/ANKRD26	score_stability_atac	0.6957	0.6993
NC_051806.1	17055808	17110317	PTCHD3/ANKRD26	final_score	0.4489	0.4496
NC_051806.1	23362298	23415104	BEND7/LOC119869987	atac_mean	1.0827978266565266	1.0796168361698522
NC_051806.1	23362298	23415104	BEND7/LOC119869987	atac_mean_percentile	0.714	0.696
NC_051806.1	23362298	23415104	BEND7/LOC119869987	atac_mean_narrow	1.0908492124155165	1.0874829845443368
NC_051806.1	23362298	23415104	BEND7/LOC119869987	atac_mean_narrow_percentile	0.726	0.712
NC_051806.1	23362298	23415104	BEND7/LOC119869987	atac_variability	0.05459959959494965	0.05471597194145846
NC_051806.1	23362298	23415104	BEND7/LOC119869987	score_stability_atac	0.355	0.3517
NC_051806.1	23362298	23415104	BEND7/LOC119869987	final_score	0.387	0.3864
NC_051806.1	23362298	23415104	BEND7/LOC119869987	final_score_percentile	33.6	33.4
NC_051806.1	25264511	25315271	USP6NL/LOC119869990	atac_mean	1.1780023237292554	1.1748583070824414
NC_051806.1	25264511	25315271	USP6NL/LOC119869990	atac_mean_percentile	0.8366666666666667	0.8296666666666667
NC_051806.1	25264511	25315271	USP6NL/LOC119869990	atac_mean_narrow	1.221487680861354	1.2186958986095553
NC_051806.1	25264511	25315271	USP6NL/LOC119869990	atac_mean_narrow_percentile	0.8626666666666667	0.856
NC_051806.1	25264511	25315271	USP6NL/LOC119869990	atac_variability	0.05970784263337536	0.059724987882131604
NC_051806.1	29613097	29682625	LOC111091644/LOC111091655	atac_mean	0.996547712626506	0.9965449938572872
NC_051806.1	29613097	29682625	LOC111091644/LOC111091655	atac_mean_percentile	0.493	0.4713333333333333
NC_051806.1	29613097	29682625	LOC111091644/LOC111091655	atac_mean_narrow	1.0212591368228197	1.017132189270854
NC_051806.1	29613097	29682625	LOC111091644/LOC111091655	atac_mean_narrow_percentile	0.594	0.5673333333333334
NC_051806.1	29613097	29682625	LOC111091644/LOC111091655	atac_variability	0.050759229612255666	0.05095978799936084
NC_051806.1	29613097	29682625	LOC111091644/LOC111091655	score_stability_atac	0.6213	0.6013
NC_051806.1	29613097	29682625	LOC111091644/LOC111091655	final_score	0.5489	0.5449
NC_051806.1	29613097	29682625	LOC111091644/LOC111091655	final_score_percentile	81.3	80.5
NC_051806.1	31421264	31473494	LOC111091701/LOC119870074	atac_mean	0.9825840053146606	0.9793205675381754
NC_051806.1	31421264	31473494	LOC111091701/LOC119870074	atac_mean_percentile	0.44666666666666666	0.4086666666666667
NC_051806.1	31421264	31473494	LOC111091701/LOC119870074	atac_mean_narrow	0.9556124680951238	0.9526416836053133
NC_051806.1	31421264	31473494	LOC111091701/LOC119870074	atac_mean_narrow_percentile	0.343	0.30833333333333335
NC_051806.1	31421264	31473494	LOC111091701/LOC119870074	atac_variability	0.051383139660769885	0.0515039192619351
NC_051806.1	31421264	31473494	LOC111091701/LOC119870074	score_stability_atac	0.5573	0.547
NC_051806.1	31421264	31473494	LOC111091701/LOC119870074	final_score	0.5084	0.5064
NC_051806.1	31421264	31473494	LOC111091701/LOC119870074	final_score_percentile	70.1	69.8
NC_051806.1	37763146	37815322	LOC102153902/LOC111094200	atac_mean	1.0700082344973185	1.0665057242805998
NC_051806.1	37763146	37815322	LOC102153902/LOC111094200	atac_mean_percentile	0.6946666666666667	0.671
NC_051806.1	37763146	37815322	LOC102153902/LOC111094200	atac_mean_narrow	1.0649450518667698	1.0616368689924478
NC_051806.1	37763146	37815322	LOC102153902/LOC111094200	atac_mean_narrow_percentile	0.686	0.668
NC_051806.1	37763146	37815322	LOC102153902/LOC111094200	atac_variability	0.05301637905053288	0.05324939639854001
NC_051806.1	37763146	37815322	LOC102153902/LOC111094200	score_stability_atac	0.4363	0.423
NC_051806.1	37763146	37815322	LOC102153902/LOC111094200	final_score	0.4402	0.4376
NC_051806.1	37763146	37815322	LOC102153902/LOC111094200	final_score_percentile	47.7	47.5
NC_051806.1	38503041	38573083	ARHGAP26/NR3C1	atac_mean	0.9640688439983517	0.9728321847244744
NC_051806.1	38503041	38573083	ARHGAP26/NR3C1	atac_mean_percentile	0.379	0.38533333333333336
NC_051806.1	38503041	38573083	ARHGAP26/NR3C1	atac_mean_narrow	0.960158547911793	0.9673087018321861
NC_051806.1	38503041	38573083	ARHGAP26/NR3C1	atac_mean_narrow_percentile	0.36766666666666664	0.38066666666666665
NC_051806.1	38503041	38573083	ARHGAP26/NR3C1	atac_variability	0.05133069653108902	0.05130341292351894
NC_051806.1	38503041	38573083	ARHGAP26/NR3C1	score_stability_atac	0.5633	0.565
NC_051806.1	38503041	38573083	ARHGAP26/NR3C1	final_score	0.3933	0.3936
NC_051806.1	39071176	39129828	LOC119879638/LOC111092064	atac_mean	1.040482821891279	1.0371846131178095
NC_051806.1	39071176	39129828	LOC119879638/LOC111092064	atac_mean_percentile	0.624	0.597
NC_051806.1	39071176	39129828	LOC119879638/LOC111092064	atac_mean_narrow	1.0533601249590516	1.0499177240803839
NC_051806.1	39071176	39129828	LOC119879638/LOC111092064	atac_mean_narrow_percentile	0.6643333333333333	0.6463333333333333
NC_051806.1	39071176	39129828	LOC119879638/LOC111092064	atac_variability	0.0527238645988129	0.05279263540995577
NC_051806.1	39071176	39129828	LOC119879638/LOC111092064	score_stability_atac	0.4497	0.4483
NC_051806.1	39071176	39129828	LOC119879638/LOC111092064	final_score	0.3026	0.3024
NC_051806.1	39159547	39230847	LOC111094604/LOC119870003	atac_mean	1.0070826326889544	1.004706134837343
NC_051806.1	39159547	39230847	LOC111094604/LOC119870003	atac_mean_percentile	0.529	0.5003333333333333
NC_051806.1	39159547	39230847	LOC111094604/LOC119870003	atac_mean_narrow	0.9856754691258073	0.984918838280036
NC_051806.1	39159547	39230847	LOC111094604/LOC119870003	atac_mean_narrow_percentile	0.4706666666666667	0.45
NC_051806.1	39159547	39230847	LOC111094604/LOC119870003	atac_variability	0.05121468052394997	0.051265261989598666
NC_051806.1	39159547	39230847	LOC111094604/LOC119870003	score_stability_atac	0.5753	0.5697
NC_051806.1	39159547	39230847	LOC111094604/LOC119870003	final_score	0.4377	0.4366
NC_051806.1	39159547	39230847	LOC111094604/LOC119870003	final_score_percentile	47.3	47.1
NC_051806.1	55898984	55971473	PTCD2/ZNF366	atac_mean	1.0824164739286781	1.0789315010212703
NC_051806.1	55898984	55971473	PTCD2/ZNF366	atac_mean_percentile	0.7133333333333334	0.6953333333333334
NC_051806.1	55898984	55971473	PTCD2/ZNF366	atac_mean_narrow	1.030764341020584	1.0273915712594985
NC_051806.1	55898984	55971473	PTCD2/ZNF366	atac_mean_narrow_percentile	0.6166666666666667	0.5973333333333334
NC_051806.1	55898984	55971473	PTCD2/ZNF366	atac_variability	0.055377446966927396	0.05527600203682836
NC_051806.1	55898984	55971473	PTCD2/ZNF366	score_stability_atac	0.3213	0.3247
NC_051806.1	55898984	55971473	PTCD2/ZNF366	final_score	0.451	0.4517
NC_051806.1	55898984	55971473	PTCD2/ZNF366	final_score_percentile	50.8	51.0
NC_051806.1	61050066	61110203	LOC119870018/LOC102154386	atac_mean	1.0962407594955184	1.0935711170347655
NC_051806.1	61050066	61110203	LOC119870018/LOC102154386	atac_mean_percentile	0.7366666666666667	0.7233333333333334
NC_051806.1	61050066	61110203	LOC119870018/LOC102154386	atac_mean_narrow	1.116538592582941	1.1130578896045684
NC_051806.1	61050066	61110203	LOC119870018/LOC102154386	atac_mean_narrow_percentile	0.762	0.749
NC_051806.1	61050066	61110203	LOC119870018/LOC102154386	atac_variability	0.05525133776105658	0.055463279945116545
NC_051806.1	61050066	61110203	LOC119870018/LOC102154386	score_stability_atac	0.3273	0.318
NC_051806.1	61050066	61110203	LOC119870018/LOC102154386	final_score	0.3666	0.3647
NC_051806.1	61050066	61110203	LOC119870018/LOC102154386	final_score_percentile	26.2	25.2
NC_051806.1	62723085	62783656	RPGRIP1L/LOC119870323	atac_mean	1.0613006528730358	1.0576935579435653
NC_051806.1	62723085	62783656	RPGRIP1L/LOC119870323	atac_mean_percentile	0.675	0.6536666666666666
NC_051806.1	62723085	62783656	RPGRIP1L/LOC119870323	atac_mean_narrow	1.1032954145371914	1.0999316107183694
NC_051806.1	62723085	62783656	RPGRIP1L/LOC119870323	atac_mean_narrow_percentile	0.7453333333333333	0.7293333333333333
NC_051806.1	62723085	62783656	RPGRIP1L/LOC119870323	atac_variability	0.05460447247211191	0.05469282334682879
NC_051806.1	62723085	62783656	RPGRIP1L/LOC119870323	score_stability_atac	0.3547	0.3527
NC_051806.1	62723085	62783656	RPGRIP1L/LOC119870323	final_score	0.346	0.3456
NC_051806.1	63630965	63704659	TOX3/LOC100687235	veto_low_atac_accessibility	False	True
NC_051806.1	63630965	63704659	TOX3/LOC100687235	atac_mean	1.017607696692473	1.0143493204871346
NC_051806.1	63630965	63704659	TOX3/LOC100687235	atac_mean_percentile	0.5596666666666666	0.5333333333333333
NC_051806.1	63630965	63704659	TOX3/LOC100687235	atac_mean_narrow	1.0223005322039127	1.018695295587182
NC_051806.1	63630965	63704659	TOX3/LOC100687235	atac_mean_narrow_percentile	0.5976666666666667	0.5713333333333334
NC_051806.1	63630965	63704659	TOX3/LOC100687235	atac_variability	0.05173494563512409	0.051938659447045066
NC_051806.1	63630965	63704659	TOX3/LOC100687235	score_stability_atac	0.5233	0.5063
NC_051806.1	63630965	63704659	TOX3/LOC100687235	final_score	0.3664	0.363
NC_051806.1	63630965	63704659	TOX3/LOC100687235	final_score_percentile	25.8	24.1
NC_051806.1	77425724	77486897	LOC102153519/LOC119870436	atac_mean	1.175757753017509	1.172396985968564
NC_051806.1	77425724	77486897	LOC102153519/LOC119870436	atac_mean_percentile	0.836	0.828
NC_051806.1	77425724	77486897	LOC102153519/LOC119870436	atac_mean_narrow	1.1623325567245484	1.1595234832465648
NC_051806.1	77425724	77486897	LOC102153519/LOC119870436	atac_mean_narrow_percentile	0.815	0.805
NC_051806.1	77425724	77486897	LOC102153519/LOC119870436	atac_variability	0.05912945157464841	0.058956951780701955
NC_051806.1	77425724	77486897	LOC102153519/LOC119870436	score_stability_atac	0.2143	0.2197
NC_051806.1	77425724	77486897	LOC102153519/LOC119870436	final_score	0.3296	0.3307
NC_051806.1	80612441	80666392	LOC119870059/KLHDC7A	atac_mean	1.153686910887025	1.15138957792493
NC_051806.1	80612441	80666392	LOC119870059/KLHDC7A	atac_mean_percentile	0.8076666666666666	0.8
NC_051806.1	80612441	80666392	LOC119870059/KLHDC7A	atac_mean_narrow	1.0799781971901654	1.079409230402239
NC_051806.1	80612441	80666392	LOC119870059/KLHDC7A	atac_mean_narrow_percentile	0.7126666666666667	0.7006666666666667
NC_051806.1	80612441	80666392	LOC119870059/KLHDC7A	atac_variability	0.05769738475384081	0.05763161663005477
NC_051806.1	80612441	80666392	LOC119870059/KLHDC7A	score_stability_atac	0.2477	0.2493
NC_051806.1	80612441	80666392	LOC119870059/KLHDC7A	final_score	0.3288	0.3291
NC_051806.1	84152591	84202660	LOC119870024/PDPN	atac_mean	1.110840911718833	1.1116442352042701
NC_051806.1	84152591	84202660	LOC119870024/PDPN	atac_mean_percentile	0.7593333333333333	0.7496666666666667
NC_051806.1	84152591	84202660	LOC119870024/PDPN	atac_mean_narrow	1.118836674578488	1.1151135585829615
NC_051806.1	84152591	84202660	LOC119870024/PDPN	atac_mean_narrow_percentile	0.7653333333333333	0.7513333333333333
NC_051806.1	84152591	84202660	LOC119870024/PDPN	atac_variability	0.057467262614655255	0.05751739409514209
NC_051806.1	84152591	84202660	LOC119870024/PDPN	score_stability_atac	0.2553	0.2537
NC_051806.1	84152591	84202660	LOC119870024/PDPN	final_score	0.371	0.3706
NC_051806.1	84303869	84363723	LRRC38/C2H1orf158	atac_mean	1.1586988710506076	1.1553509330329867
NC_051806.1	84303869	84363723	LRRC38/C2H1orf158	atac_mean_percentile	0.8146666666666667	0.8053333333333333
NC_051806.1	84303869	84363723	LRRC38/C2H1orf158	atac_mean_narrow	1.12317390088439	1.119614104038477
NC_051806.1	84303869	84363723	LRRC38/C2H1orf158	atac_mean_narrow_percentile	0.771	0.7583333333333333
NC_051806.1	84303869	84363723	LRRC38/C2H1orf158	atac_variability	0.05890034749303129	0.05885882242385897
NC_051806.1	84303869	84363723	LRRC38/C2H1orf158	score_stability_atac	0.2207	0.2227
NC_051806.1	84303869	84363723	LRRC38/C2H1orf158	final_score	0.3756	0.376
NC_051806.1	84303869	84363723	LRRC38/C2H1orf158	final_score_percentile	29.3	29.5
NC_051807.1	9691905	9747134	ST8SIA4/LOC106558558	veto_low_atac_accessibility	True	False
NC_051807.1	9691905	9747134	ST8SIA4/LOC106558558	atac_mean	0.9929618364987056	1.0341496138140043
NC_051807.1	9691905	9747134	ST8SIA4/LOC106558558	atac_mean_percentile	0.482	0.588
NC_051807.1	9691905	9747134	ST8SIA4/LOC106558558	atac_mean_narrow	1.0423700315132738	1.0423630068302154
NC_051807.1	9691905	9747134	ST8SIA4/LOC106558558	atac_mean_narrow_percentile	0.6413333333333333	0.6303333333333333
NC_051807.1	9691905	9747134	ST8SIA4/LOC106558558	atac_variability	0.05389943734100855	0.0538994375431453
NC_051807.1	10779807	10837318	LOC100685686/LOC119871165	atac_mean	0.9317193059915793	0.9317130263182204
NC_051807.1	10779807	10837318	LOC100685686/LOC119871165	atac_mean_percentile	0.22666666666666666	0.19033333333333333
NC_051807.1	10779807	10837318	LOC100685686/LOC119871165	atac_mean_narrow	0.9419744451984763	0.9419680972218514
NC_051807.1	10779807	10837318	LOC100685686/LOC119871165	atac_mean_narrow_percentile	0.2836666666666667	0.25766666666666665
NC_051807.1	10779807	10837318	LOC100685686/LOC119871165	atac_variability	0.049374424007107405	0.049374424295559535
NC_051807.1	21623166	21678171	LOC119871170/LOC111095350	atac_mean	0.9135366178116423	0.9177014536652845
NC_051807.1	21623166	21678171	LOC119871170/LOC111095350	atac_mean_percentile	0.143	0.11666666666666667
NC_051807.1	21623166	21678171	LOC119871170/LOC111095350	atac_mean_narrow	0.9408988293483853	0.9408924888536334
NC_051807.1	21623166	21678171	LOC119871170/LOC111095350	atac_mean_narrow_percentile	0.2776666666666667	0.25066666666666665
NC_051807.1	21623166	21678171	LOC119871170/LOC111095350	atac_variability	0.04854877970098941	0.04854877995170715
NC_051807.1	21623166	21678171	LOC119871170/LOC111095350	score_stability_atac	0.903	0.9033
NC_051807.1	21623166	21678171	LOC119871170/LOC111095350	final_score	0.645	0.6451
NC_051807.1	22304729	22367018	LOC111095151/LOC119871362	atac_mean	0.904076081729375	0.9088118193854714
NC_051807.1	22304729	22367018	LOC111095151/LOC119871362	atac_mean_percentile	0.11333333333333333	0.08366666666666667
NC_051807.1	22304729	22367018	LOC111095151/LOC119871362	atac_mean_narrow	0.8822270643398166	0.8866543910918224
NC_051807.1	22304729	22367018	LOC111095151/LOC119871362	atac_mean_narrow_percentile	0.079	0.049666666666666665
NC_051807.1	22304729	22367018	LOC111095151/LOC119871362	atac_variability	0.04759483672363512	0.04759483657746358
NC_051807.1	25390804	25445201	LOC119871164/LOC111095157	atac_mean	1.062318049505059	1.0701802982018123
NC_051807.1	25390804	25445201	LOC119871164/LOC111095157	atac_mean_percentile	0.677	0.6796666666666666
NC_051807.1	25390804	25445201	LOC119871164/LOC111095157	atac_mean_narrow	0.9345898170441389	0.9512300441359139
NC_051807.1	25390804	25445201	LOC119871164/LOC111095157	atac_mean_narrow_percentile	0.249	0.30433333333333334
NC_051807.1	25390804	25445201	LOC119871164/LOC111095157	atac_variability	0.05716204905212685	0.05716204940453299
NC_051807.1	25390804	25445201	LOC119871164/LOC111095157	score_stability_atac	0.263	0.2633
NC_051807.1	25390804	25445201	LOC119871164/LOC111095157	final_score	0.5887	0.5888
NC_051807.1	31153307	31211185	GCNT4/MIR8901	atac_mean	0.6458655027170284	0.9759327383739215
NC_051807.1	31153307	31211185	GCNT4/MIR8901	atac_mean_percentile	0.021333333333333333	0.3953333333333333
NC_051807.1	31153307	31211185	GCNT4/MIR8901	atac_mean_narrow	0.10588498089462518	0.8643613676635586
NC_051807.1	31153307	31211185	GCNT4/MIR8901	atac_mean_narrow_percentile	0.007	0.034
NC_051807.1	31153307	31211185	GCNT4/MIR8901	atac_variability	0.05065067031874208	0.05065067060678276
NC_051807.1	31153307	31211185	GCNT4/MIR8901	score_stability_atac	0.6313	0.6317
NC_051807.1	32087727	32156058	TUBGCP5/LOC100688323	atac_mean	0.9723223551172931	0.9860244174629078
NC_051807.1	32087727	32156058	TUBGCP5/LOC100688323	atac_mean_percentile	0.4103333333333333	0.43733333333333335
NC_051807.1	32087727	32156058	TUBGCP5/LOC100688323	atac_mean_narrow	1.008553645272553	1.011074538111388
NC_051807.1	32087727	32156058	TUBGCP5/LOC100688323	atac_mean_narrow_percentile	0.553	0.5496666666666666
NC_051807.1	32087727	32156058	TUBGCP5/LOC100688323	atac_variability	0.05330189829089575	0.053301898536419944
NC_051807.1	34846149	34921008	LOC119871185/LOC106558580	atac_mean	0.9759013175615608	0.975894742945662
NC_051807.1	34846149	34921008	LOC119871185/LOC106558580	atac_mean_percentile	0.4216666666666667	0.3953333333333333
NC_051807.1	34846149	34921008	LOC119871185/LOC106558580	atac_mean_narrow	1.0262016402006149	1.0261947243005036
NC_051807.1	34846149	34921008	LOC119871185/LOC106558580	atac_mean_narrow_percentile	0.6073333333333333	0.5946666666666667
NC_051807.1	34846149	34921008	LOC119871185/LOC106558580	atac_variability	0.05093130173861194	0.05093130196364568
NC_051807.1	34846149	34921008	LOC119871185/LOC106558580	score_stability_atac	0.6047	0.6037
NC_051807.1	34846149	34921008	LOC119871185/LOC106558580	final_score	0.5028	0.5026
NC_051807.1	34846149	34921008	LOC119871185/LOC106558580	final_score_percentile	69.0	68.5
NC_051807.1	35803900	35876584	UBE3A/LOC100685501	atac_mean	0.9307596483499765	0.9349338509615326
NC_051807.1	35803900	35876584	UBE3A/LOC100685501	atac_mean_percentile	0.22266666666666668	0.20733333333333334
NC_051807.1	35803900	35876584	UBE3A/LOC100685501	atac_mean_narrow	0.9382420937046408	0.9382357733309269
NC_051807.1	35803900	35876584	UBE3A/LOC100685501	atac_mean_narrow_percentile	0.265	0.23733333333333334
NC_051807.1	35803900	35876584	UBE3A/LOC100685501	atac_variability	0.049469492621123455	0.04946949292976843
NC_051807.1	44207725	44265967	LOC119870785/LOC111095367	atac_mean	0.975126646882277	0.9772173983142851
NC_051807.1	44207725	44265967	LOC119870785/LOC111095367	atac_mean_percentile	0.4176666666666667	0.4013333333333333
NC_051807.1	44207725	44265967	LOC119870785/LOC111095367	atac_mean_narrow	0.9874016104906798	0.9873949570670724
NC_051807.1	44207725	44265967	LOC119870785/LOC111095367	atac_mean_narrow_percentile	0.4766666666666667	0.458
NC_051807.1	44207725	44265967	LOC119870785/LOC111095367	atac_variability	0.05066384107243135	0.05066384142461915
NC_051807.1	44207725	44265967	LOC119870785/LOC111095367	score_stability_atac	0.6303	0.6307
NC_051807.1	50781019	50831091	AGBL1/LOC102152355	atac_mean	0.947022159021859	0.9470157770680736
NC_051807.1	50781019	50831091	AGBL1/LOC102152355	atac_mean_percentile	0.30266666666666664	0.2643333333333333
NC_051807.1	50781019	50831091	AGBL1/LOC102152355	atac_mean_narrow	0.9631876698806882	0.9631811776384711
NC_051807.1	50781019	50831091	AGBL1/LOC102152355	atac_mean_narrow_percentile	0.38466666666666666	0.3626666666666667
NC_051807.1	50781019	50831091	AGBL1/LOC102152355	atac_variability	0.049410726033896776	0.04941072619034788
NC_051807.1	56269278	56323122	EFL1/LOC106558624	atac_mean	1.1952182675442882	1.1952102170771033
NC_051807.1	56269278	56323122	EFL1/LOC106558624	atac_mean_percentile	0.853	0.8496666666666667
NC_051807.1	56269278	56323122	EFL1/LOC106558624	atac_mean_narrow	1.1945983006991445	1.1945902550034224
NC_051807.1	56269278	56323122	EFL1/LOC106558624	atac_mean_narrow_percentile	0.8416666666666667	0.8363333333333334
NC_051807.1	56269278	56323122	EFL1/LOC106558624	atac_variability	0.06125417241484747	0.061254172754677504
NC_051807.1	60928139	60979861	LOC119871320/HMX1	atac_mean	1.2509128539154781	1.2509044263261104
NC_051807.1	60928139	60979861	LOC119871320/HMX1	atac_mean_percentile	0.8973333333333333	0.895
NC_051807.1	60928139	60979861	LOC119871320/HMX1	atac_mean_narrow	1.2348884246870875	1.2348801063746213
NC_051807.1	60928139	60979861	LOC119871320/HMX1	atac_mean_narrow_percentile	0.873	0.8693333333333333
NC_051807.1	60928139	60979861	LOC119871320/HMX1	atac_variability	0.06452106187407244	0.06452106245726094
NC_051807.1	60928139	60979861	LOC119871320/HMX1	final_score_percentile	48.2	48.4
NC_051807.1	67665045	67732484	LOC111095269/LOC111095270	atac_mean	0.9816852566538375	0.9886420463087164
NC_051807.1	67665045	67732484	LOC111095269/LOC111095270	atac_mean_percentile	0.44266666666666665	0.44333333333333336
NC_051807.1	67665045	67732484	LOC111095269/LOC111095270	atac_mean_narrow	1.0068309419184924	1.006824160347879
NC_051807.1	67665045	67732484	LOC111095269/LOC111095270	atac_mean_narrow_percentile	0.5476666666666666	0.53
NC_051807.1	67665045	67732484	LOC111095269/LOC111095270	atac_variability	0.050813631412420096	0.05081363188121906
NC_051807.1	67665045	67732484	LOC111095269/LOC111095270	score_stability_atac	0.6157	0.616
NC_051807.1	67665045	67732484	LOC111095269/LOC111095270	final_score	0.3993	0.3994
NC_051807.1	72901974	72956918	RBM47/CHRNA9	atac_mean	1.095219035708575	1.10273799089411
NC_051807.1	72901974	72956918	RBM47/CHRNA9	atac_mean_percentile	0.7356666666666667	0.7346666666666667
NC_051807.1	72901974	72956918	RBM47/CHRNA9	atac_mean_narrow	1.014130714061111	1.0308756106955579
NC_051807.1	72901974	72956918	RBM47/CHRNA9	atac_mean_narrow_percentile	0.5756666666666667	0.605
NC_051807.1	72901974	72956918	RBM47/CHRNA9	atac_variability	0.057883086950241136	0.057883087364011786
NC_051807.1	73210443	73261055	LOC119871251/TRNAK-CUU-6	atac_mean	0.8993447846868835	0.96666450548951
NC_051807.1	73210443	73261055	LOC119871251/TRNAK-CUU-6	atac_mean_percentile	0.10533333333333333	0.363
NC_051807.1	73210443	73261055	LOC119871251/TRNAK-CUU-6	atac_mean_narrow	0.9356531505852937	0.9356468464449048
NC_051807.1	73210443	73261055	LOC119871251/TRNAK-CUU-6	atac_mean_narrow_percentile	0.25433333333333336	0.227
NC_051807.1	73210443	73261055	LOC119871251/TRNAK-CUU-6	atac_variability	0.04927574200959318	0.04927574223886351
NC_051807.1	74470819	74522415	LOC106558641/LOC111095389	atac_mean	1.1038923692089595	1.1038849325204405
NC_051807.1	74470819	74522415	LOC106558641/LOC111095389	atac_mean_percentile	0.7493333333333333	0.7366666666666667
NC_051807.1	74470819	74522415	LOC106558641/LOC111095389	atac_mean_narrow	1.0867540584295987	1.0867467391982675
NC_051807.1	74470819	74522415	LOC106558641/LOC111095389	atac_mean_narrow_percentile	0.723	0.7103333333333334
NC_051807.1	74470819	74522415	LOC106558641/LOC111095389	atac_variability	0.057281263348364087	0.057281263652511405
NC_051807.1	74470819	74522415	LOC106558641/LOC111095389	final_score_percentile	25.2	25.6
NC_051807.1	76113264	76180116	LOC111095297/LOC102153709	atac_mean	0.9128024632811426	0.9127963143483598
NC_051807.1	76113264	76180116	LOC111095297/LOC102153709	atac_mean_percentile	0.14033333333333334	0.09633333333333334
NC_051807.1	76113264	76180116	LOC111095297/LOC102153709	atac_mean_narrow	0.9244809800088406	0.9244747514650226
NC_051807.1	76113264	76180116	LOC111095297/LOC102153709	atac_mean_narrow_percentile	0.19666666666666666	0.16866666666666666
NC_051807.1	76113264	76180116	LOC111095297/LOC102153709	atac_variability	0.04813325625524007	0.048133256367922546
NC_051807.1	76113264	76180116	LOC111095297/LOC102153709	score_stability_atac	0.9307	0.9303
NC_051807.1	76113264	76180116	LOC111095297/LOC102153709	final_score_percentile	68.5	68.8
NC_051807.1	76613649	76664485	ARAP2/LOC100688576	atac_mean	0.9216051736985946	0.9279880552916676
NC_051807.1	76613649	76664485	ARAP2/LOC100688576	atac_mean_percentile	0.17566666666666667	0.17
NC_051807.1	76613649	76664485	ARAP2/LOC100688576	atac_mean_narrow	0.9476801806107163	0.9488598698825204
NC_051807.1	76613649	76664485	ARAP2/LOC100688576	atac_mean_narrow_percentile	0.30966666666666665	0.29333333333333333
NC_051807.1	76613649	76664485	ARAP2/LOC100688576	atac_variability	0.04974705433087797	0.049747054479892396
NC_051807.1	76613649	76664485	ARAP2/LOC100688576	score_stability_atac	0.7517	0.751
NC_051807.1	76613649	76664485	ARAP2/LOC100688576	final_score	0.4643	0.4641
NC_051807.1	76613649	76664485	ARAP2/LOC100688576	final_score_percentile	54.2	54.0
NC_051807.1	77813684	77865855	LOC111095391/LOC111095392	atac_mean	0.8915577583301015	0.894552396262611
NC_051807.1	77813684	77865855	LOC111095391/LOC111095392	atac_mean_percentile	0.08933333333333333	0.051333333333333335
NC_051807.1	77813684	77865855	LOC111095391/LOC111095392	atac_mean_narrow	0.8558027942731976	0.8600975151824293
NC_051807.1	77813684	77865855	LOC111095391/LOC111095392	atac_mean_narrow_percentile	0.063	0.03233333333333333
NC_051807.1	77813684	77865855	LOC111095391/LOC111095392	atac_variability	0.047210911632840594	0.04721091174108134
NC_051807.1	81859047	81912809	LOC119872911/LOC119871343	atac_mean	0.9117970998243364	0.9233843575826433
NC_051807.1	81859047	81912809	LOC119872911/LOC119871343	atac_mean_percentile	0.136	0.14433333333333334
NC_051807.1	81859047	81912809	LOC119872911/LOC119871343	atac_mean_narrow	0.9363276245847344	0.9363213141486049
NC_051807.1	81859047	81912809	LOC119872911/LOC119871343	atac_mean_narrow_percentile	0.257	0.22966666666666666
NC_051807.1	81859047	81912809	LOC119872911/LOC119871343	atac_variability	0.04936014982588172	0.049360149847137935
NC_051807.1	85288823	85342443	LOC111095403/LOC100686918	atac_mean	1.150702003188673	1.1506942519319898
NC_051807.1	85288823	85342443	LOC111095403/LOC100686918	atac_mean_percentile	0.8036666666666666	0.7996666666666666
NC_051807.1	85288823	85342443	LOC111095403/LOC100686918	atac_mean_narrow	1.0632604892477393	1.0632533251941203
NC_051807.1	85288823	85342443	LOC111095403/LOC100686918	atac_mean_narrow_percentile	0.6826666666666666	0.671
NC_051807.1	85288823	85342443	LOC111095403/LOC100686918	atac_variability	0.060790068518418325	0.060790069121989
NC_051807.1	85288823	85342443	LOC111095403/LOC100686918	final_score_percentile	26.2	26.5
NC_051808.1	1943254	2003893	LOC102151881/LOC111095689	atac_mean	0.9429955381913158	0.9429891863009863
NC_051808.1	1943254	2003893	LOC102151881/LOC111095689	atac_mean_percentile	0.2816666666666667	0.245
NC_051808.1	1943254	2003893	LOC102151881/LOC111095689	atac_mean_narrow	0.9004389636233449	0.900432898747921
NC_051808.1	1943254	2003893	LOC102151881/LOC111095689	atac_mean_narrow_percentile	0.10833333333333334	0.07433333333333333
NC_051808.1	1943254	2003893	LOC102151881/LOC111095689	atac_variability	0.050762422046818245	0.050762422041814935
NC_051808.1	4984288	5034699	LOC111095431/LOC111095433	atac_mean	1.2094504062721647	1.209442263101936
NC_051808.1	4984288	5034699	LOC111095431/LOC111095433	atac_mean_percentile	0.8643333333333333	0.86
NC_051808.1	4984288	5034699	LOC111095431/LOC111095433	atac_mean_narrow	1.1692455365151166	1.1692376630485057
NC_051808.1	4984288	5034699	LOC111095431/LOC111095433	atac_mean_narrow_percentile	0.823	0.8153333333333334
NC_051808.1	4984288	5034699	LOC111095431/LOC111095433	atac_variability	0.06241655561450251	0.06241655613533816
NC_051808.1	4984288	5034699	LOC111095431/LOC111095433	score_stability_atac	0.1517	0.1513
NC_051808.1	4984288	5034699	LOC111095431/LOC111095433	final_score	0.417	0.4169
NC_051808.1	5485501	5546210	LOC102155069/SLC35F3	atac_mean	0.9480032377408555	0.9491694573819623
NC_051808.1	5485501	5546210	LOC102155069/SLC35F3	atac_mean_percentile	0.30866666666666664	0.2783333333333333
NC_051808.1	5485501	5546210	LOC102155069/SLC35F3	atac_mean_narrow	0.9562796495631337	0.9562732093632221
NC_051808.1	5485501	5546210	LOC102155069/SLC35F3	atac_mean_narrow_percentile	0.345	0.32366666666666666
NC_051808.1	5485501	5546210	LOC102155069/SLC35F3	atac_variability	0.049700549601087704	0.04970054992161896
NC_051808.1	5485501	5546210	LOC102155069/SLC35F3	score_stability_atac	0.7597	0.7593
NC_051808.1	6820779	6870891	LOC119871610/LOC111095435	atac_mean	0.9128514201752603	0.9215807173566454
NC_051808.1	6820779	6870891	LOC119871610/LOC111095435	atac_mean_percentile	0.141	0.13566666666666666
NC_051808.1	6820779	6870891	LOC119871610/LOC111095435	atac_mean_narrow	0.9494500185921788	0.9494436212033034
NC_051808.1	6820779	6870891	LOC119871610/LOC111095435	atac_mean_narrow_percentile	0.31966666666666665	0.297
NC_051808.1	6820779	6870891	LOC119871610/LOC111095435	atac_variability	0.04812957555843842	0.048129575674996844
NC_051808.1	6820779	6870891	LOC119871610/LOC111095435	score_stability_atac	0.9307	0.9303
NC_051808.1	12066504	12128157	LOC111095700/SLC16A9	atac_mean	0.9990041098917491	0.9989973788182873
NC_051808.1	12066504	12128157	LOC111095700/SLC16A9	atac_mean_percentile	0.501	0.4806666666666667
NC_051808.1	12066504	12128157	LOC111095700/SLC16A9	atac_mean_narrow	0.9569483292996883	0.9569418810009956
NC_051808.1	12066504	12128157	LOC111095700/SLC16A9	atac_mean_narrow_percentile	0.348	0.326
NC_051808.1	12066504	12128157	LOC111095700/SLC16A9	atac_variability	0.05220524781777138	0.052205248114691134
NC_051808.1	13169783	13237184	CDK1/RHOBTB1	atac_mean	1.1075328876856494	1.1075254273071315
NC_051808.1	13169783	13237184	CDK1/RHOBTB1	atac_mean_percentile	0.754	0.743
NC_051808.1	13169783	13237184	CDK1/RHOBTB1	atac_mean_narrow	1.0444657983005048	1.0444587620690464
NC_051808.1	13169783	13237184	CDK1/RHOBTB1	atac_mean_narrow_percentile	0.647	0.6346666666666667
NC_051808.1	13169783	13237184	CDK1/RHOBTB1	atac_variability	0.05850785078181354	0.05850785119103586
NC_051808.1	14781335	14832377	LOC111095463/LOC119871460	atac_mean	1.31040267519144	1.3103938498807772
NC_051808.1	14781335	14832377	LOC111095463/LOC119871460	atac_mean_percentile	0.9306666666666666	0.9296666666666666
NC_051808.1	14781335	14832377	LOC111095463/LOC119871460	atac_mean_narrow	1.5154124719679356	1.5154022645175458
NC_051808.1	14781335	14832377	LOC111095463/LOC119871460	atac_mean_narrow_percentile	0.9586666666666667	0.958
NC_051808.1	14781335	14832377	LOC111095463/LOC119871460	atac_variability	0.07178227482627422	0.07178227507553557
NC_051808.1	17362530	17419663	LOC100856460/LOC100686735	atac_mean	0.8643315147963293	0.8844504108365201
NC_051808.1	17362530	17419663	LOC100856460/LOC100686735	atac_mean_percentile	0.058666666666666666	0.03866666666666667
NC_051808.1	17362530	17419663	LOC100856460/LOC100686735	atac_mean_narrow	0.8807833249889314	0.8885522244135939
NC_051808.1	17362530	17419663	LOC100856460/LOC100686735	atac_mean_narrow_percentile	0.078	0.052333333333333336
NC_051808.1	17362530	17419663	LOC100856460/LOC100686735	atac_variability	0.04761647891065779	0.04761647898308713
NC_051808.1	28998408	29056566	LOC102155105/LOC111095511	atac_mean	1.3952001638700506	1.3951907672220913
NC_051808.1	28998408	29056566	LOC102155105/LOC111095511	atac_mean_percentile	0.9563333333333334	0.9553333333333334
NC_051808.1	28998408	29056566	LOC102155105/LOC111095511	atac_mean_narrow	1.524016263526678	1.5240059957027434
NC_051808.1	28998408	29056566	LOC102155105/LOC111095511	atac_mean_narrow_percentile	0.9606666666666667	0.9596666666666667
NC_051808.1	28998408	29056566	LOC102155105/LOC111095511	atac_variability	0.07316053097765239	0.07316053165160338
NC_051808.1	28998408	29056566	LOC102155105/LOC111095511	score_stability_atac	0.0477	0.0483
NC_051808.1	28998408	29056566	LOC102155105/LOC111095511	final_score	0.4547	0.4549
NC_051808.1	36047237	36120971	LOC100684047/LOC111095523	atac_mean	1.0080305329680679	1.0080237413735103
NC_051808.1	36047237	36120971	LOC100684047/LOC111095523	atac_mean_percentile	0.5306666666666666	0.5136666666666667
NC_051808.1	36047237	36120971	LOC100684047/LOC111095523	atac_mean_narrow	1.0117827922940255	1.0117759751826525
NC_051808.1	36047237	36120971	LOC100684047/LOC111095523	atac_mean_narrow_percentile	0.568	0.553
NC_051808.1	36047237	36120971	LOC100684047/LOC111095523	atac_variability	0.05215726938995362	0.05215726948951864
NC_051808.1	37518160	37569466	THOC3/CPLX2	atac_mean	1.081109826766956	1.111430430965092
NC_051808.1	37518160	37569466	THOC3/CPLX2	atac_mean_percentile	0.7106666666666667	0.7493333333333333
NC_051808.1	37518160	37569466	THOC3/CPLX2	atac_mean_narrow	1.109397646677494	1.1093901727467774
NC_051808.1	37518160	37569466	THOC3/CPLX2	atac_mean_narrow_percentile	0.7523333333333333	0.7433333333333333
NC_051808.1	37518160	37569466	THOC3/CPLX2	atac_variability	0.056549491673768104	0.05654949178045106
NC_051808.1	37795829	37851034	LOC119871736/SFXN1	atac_mean	1.1336445862444056	1.1336369491187075
NC_051808.1	37795829	37851034	LOC119871736/SFXN1	atac_mean_percentile	0.7876666666666666	0.781
NC_051808.1	37795829	37851034	LOC119871736/SFXN1	atac_mean_narrow	1.0631881583437324	1.06318099411577
NC_051808.1	37795829	37851034	LOC119871736/SFXN1	atac_mean_narrow_percentile	0.6826666666666666	0.671
NC_051808.1	37795829	37851034	LOC119871736/SFXN1	atac_variability	0.05834129607063914	0.058341296528848834
NC_051808.1	37795829	37851034	LOC119871736/SFXN1	score_stability_atac	0.2357	0.236
NC_051808.1	37795829	37851034	LOC119871736/SFXN1	final_score	0.3922	0.3923
NC_051808.1	42728958	42791035	LOC119871511/LOC100687995	atac_mean	0.9420171083947353	0.9420107635339726
NC_051808.1	42728958	42791035	LOC119871511/LOC100687995	atac_mean_percentile	0.2786666666666667	0.24133333333333334
NC_051808.1	42728958	42791035	LOC119871511/LOC100687995	atac_mean_narrow	0.9320233022257686	0.9320170225799084
NC_051808.1	42728958	42791035	LOC119871511/LOC100687995	atac_mean_narrow_percentile	0.23366666666666666	0.20833333333333334
NC_051808.1	42728958	42791035	LOC119871511/LOC100687995	atac_variability	0.04992783773383733	0.04992783814906081
NC_051808.1	42728958	42791035	LOC119871511/LOC100687995	score_stability_atac	0.727	0.7273
NC_051808.1	55513056	55565959	LOC106558729/LOC119871746	atac_mean	1.2157214746979657	1.2157132856678385
NC_051808.1	55513056	55565959	LOC106558729/LOC119871746	atac_mean_percentile	0.87	0.866
NC_051808.1	55513056	55565959	LOC106558729/LOC119871746	atac_mean_narrow	1.1797195288926363	1.1797115826845168
NC_051808.1	55513056	55565959	LOC106558729/LOC119871746	atac_mean_narrow_percentile	0.8303333333333334	0.824
NC_051808.1	55513056	55565959	LOC106558729/LOC119871746	atac_variability	0.0627625024203295	0.06276250276357899
NC_051808.1	56109927	56183571	LOC111095578/GRIA1	atac_mean	1.0329869723134744	1.0336818238407723
NC_051808.1	56109927	56183571	LOC111095578/GRIA1	atac_mean_percentile	0.605	0.586
NC_051808.1	56109927	56183571	LOC111095578/GRIA1	atac_mean_narrow	0.9765658665314316	0.9765592839941383
NC_051808.1	56109927	56183571	LOC111095578/GRIA1	atac_mean_narrow_percentile	0.44066666666666665	0.42033333333333334
NC_051808.1	56109927	56183571	LOC111095578/GRIA1	atac_variability	0.05306749824854311	0.05306749852668872
NC_051808.1	56109927	56183571	LOC111095578/GRIA1	score_stability_atac	0.434	0.4343
NC_051808.1	56109927	56183571	LOC111095578/GRIA1	final_score	0.3855	0.3856
NC_051808.1	61210674	61263506	CSPG4B/LOC119871643	atac_mean	1.1496942728514732	1.1507756183001057
NC_051808.1	61210674	61263506	CSPG4B/LOC119871643	atac_mean_percentile	0.8026666666666666	0.7996666666666666
NC_051808.1	61210674	61263506	CSPG4B/LOC119871643	atac_mean_narrow	1.0652764311134815	1.0652692554071546
NC_051808.1	61210674	61263506	CSPG4B/LOC119871643	atac_mean_narrow_percentile	0.6876666666666666	0.676
NC_051808.1	61210674	61263506	CSPG4B/LOC119871643	atac_variability	0.06109073526074783	0.06109073571025892
NC_051808.1	64067111	64119158	LOC102157144/LOC100687852	atac_mean	0.9366908876221881	0.9366845781481052
NC_051808.1	64067111	64119158	LOC102157144/LOC100687852	atac_mean_percentile	0.251	0.214
NC_051808.1	64067111	64119158	LOC102157144/LOC100687852	atac_mean_narrow	0.953961452524364	0.9539550262257457
NC_051808.1	64067111	64119158	LOC102157144/LOC100687852	atac_mean_narrow_percentile	0.3363333333333333	0.31333333333333335
NC_051808.1	64067111	64119158	LOC102157144/LOC100687852	atac_variability	0.04995830432762255	0.04995830444334225
NC_051808.1	64067111	64119158	LOC102157144/LOC100687852	score_stability_atac	0.723	0.7227
NC_051808.1	65949583	66022083	LOC100687240/MRPS30	atac_mean	0.9376687560081481	0.9389575515823305
NC_051808.1	65949583	66022083	LOC100687240/MRPS30	atac_mean_percentile	0.25533333333333336	0.225
NC_051808.1	65949583	66022083	LOC100687240/MRPS30	atac_mean_narrow	0.9392713237926364	0.9392649941489101
NC_051808.1	65949583	66022083	LOC100687240/MRPS30	atac_mean_narrow_percentile	0.269	0.24233333333333335
NC_051808.1	65949583	66022083	LOC100687240/MRPS30	atac_variability	0.04935588602968498	0.04935588620156101
NC_051808.1	76456036	76509373	DROSHA/CDH6	atac_mean	1.0358165641527382	1.0358095867634223
NC_051808.1	76456036	76509373	DROSHA/CDH6	atac_mean_percentile	0.6103333333333333	0.593
NC_051808.1	76456036	76509373	DROSHA/CDH6	atac_mean_narrow	1.0213406683161854	1.0213337866783143
NC_051808.1	76456036	76509373	DROSHA/CDH6	atac_mean_narrow_percentile	0.594	0.58
NC_051808.1	76456036	76509373	DROSHA/CDH6	atac_variability	0.05284824892814974	0.052848249148700864
NC_051808.1	77033647	77089414	TMEM125/LOC102156164	atac_mean	0.9569273230652945	0.9590706032893355
NC_051808.1	77033647	77089414	TMEM125/LOC102156164	atac_mean_percentile	0.35	0.32466666666666666
NC_051808.1	77033647	77089414	TMEM125/LOC102156164	atac_mean_narrow	0.9586378953829408	0.9646605646985132
NC_051808.1	77033647	77089414	TMEM125/LOC102156164	atac_mean_narrow_percentile	0.3576666666666667	0.368
NC_051808.1	77033647	77089414	TMEM125/LOC102156164	atac_variability	0.05066127392017745	0.05066127420267321
NC_051808.1	77033647	77089414	TMEM125/LOC102156164	score_stability_atac	0.6303	0.631
NC_051808.1	77033647	77089414	TMEM125/LOC102156164	final_score	0.7125	0.7126
NC_051808.1	81940968	82004288	LOC100685641/LOC479379	atac_mean	0.9191146629854839	0.9191084706705165
NC_051808.1	81940968	82004288	LOC100685641/LOC479379	atac_mean_percentile	0.16333333333333333	0.124
NC_051808.1	81940968	82004288	LOC100685641/LOC479379	atac_mean_narrow	0.9294906407117843	0.9294843784868717
NC_051808.1	81940968	82004288	LOC100685641/LOC479379	atac_mean_narrow_percentile	0.22166666666666668	0.19366666666666665
NC_051808.1	81940968	82004288	LOC100685641/LOC479379	atac_variability	0.04873185801888691	0.048731858134625654
NC_051808.1	81940968	82004288	LOC100685641/LOC479379	score_stability_atac	0.8833	0.883
NC_051808.1	81940968	82004288	LOC100685641/LOC479379	final_score	0.482	0.4819
NC_051808.1	83742031	83797839	CDH12/LOC111095663	atac_mean	0.933820617748606	0.9461051481337948
NC_051808.1	83742031	83797839	CDH12/LOC111095663	atac_mean_percentile	0.23633333333333334	0.2623333333333333
NC_051808.1	83742031	83797839	CDH12/LOC111095663	atac_mean_narrow	0.9599850383996964	0.9758359038239058
NC_051808.1	83742031	83797839	CDH12/LOC111095663	atac_mean_narrow_percentile	0.36666666666666664	0.417
NC_051808.1	83742031	83797839	CDH12/LOC111095663	atac_variability	0.0506787915476535	0.05067879157663129
NC_051808.1	83742031	83797839	CDH12/LOC111095663	score_stability_atac	0.6293	0.6297
NC_051808.1	83742031	83797839	CDH12/LOC111095663	final_score	0.5824	0.5825
NC_051808.1	87580819	87638502	ZNF622/LOC106558684	atac_mean	1.2136106249288252	1.2136024533617322
NC_051808.1	87580819	87638502	ZNF622/LOC106558684	atac_mean_percentile	0.8676666666666667	0.8633333333333333
NC_051808.1	87580819	87638502	ZNF622/LOC106558684	atac_mean_narrow	1.2260884303748607	1.2260801753252744
NC_051808.1	87580819	87638502	ZNF622/LOC106558684	atac_mean_narrow_percentile	0.867	0.8633333333333333
NC_051808.1	87580819	87638502	ZNF622/LOC106558684	atac_variability	0.06363616769232928	0.06363616802995252
NC_051808.1	87580819	87638502	ZNF622/LOC106558684	score_stability_atac	0.1323	0.132
NC_051808.1	87580819	87638502	ZNF622/LOC106558684	final_score	0.2949	0.2948
NC_051809.1	2620428	2685222	OPCML/NTM	atac_mean	1.0623818143963515	1.0631950994858919
NC_051809.1	2620428	2685222	OPCML/NTM	atac_mean_percentile	0.677	0.6653333333333333
NC_051809.1	2620428	2685222	OPCML/NTM	atac_mean_narrow	1.0405178232491017	1.0405108141154051
NC_051809.1	2620428	2685222	OPCML/NTM	atac_mean_narrow_percentile	0.6396666666666667	0.627
NC_051809.1	2620428	2685222	OPCML/NTM	atac_variability	0.05341426648103855	0.05341426667394241
NC_051809.1	2620428	2685222	OPCML/NTM	score_stability_atac	0.413	0.4123
NC_051809.1	2620428	2685222	OPCML/NTM	final_score	0.5298	0.5296
NC_051809.1	6345291	6400601	LOC111096091/LOC119871991	atac_mean	0.9564043810216283	0.9563979376110822
NC_051809.1	6345291	6400601	LOC111096091/LOC119871991	atac_mean_percentile	0.348	0.31433333333333335
NC_051809.1	6345291	6400601	LOC111096091/LOC119871991	atac_mean_narrow	0.9922620316922665	0.9922553485631943
NC_051809.1	6345291	6400601	LOC111096091/LOC119871991	atac_mean_narrow_percentile	0.49666666666666665	0.4796666666666667
NC_051809.1	6345291	6400601	LOC111096091/LOC119871991	atac_variability	0.05065921285014427	0.05065921322519632
NC_051809.1	6345291	6400601	LOC111096091/LOC119871991	score_stability_atac	0.6307	0.631
NC_051809.1	6345291	6400601	LOC111096091/LOC119871991	final_score	0.4997	0.4998
NC_051809.1	6345291	6400601	LOC111096091/LOC119871991	final_score_percentile	67.5	67.7
NC_051809.1	14259045	14318214	LOC119871999/LOC111095807	atac_mean	1.2181619483016217	1.2181537427651228
NC_051809.1	14259045	14318214	LOC119871999/LOC111095807	atac_mean_percentile	0.8703333333333333	0.867
NC_051809.1	14259045	14318214	LOC119871999/LOC111095807	atac_mean_narrow	1.1639323398560286	1.1639244975328444
NC_051809.1	14259045	14318214	LOC119871999/LOC111095807	atac_mean_narrow_percentile	0.816	0.8093333333333333
NC_051809.1	14259045	14318214	LOC119871999/LOC111095807	atac_variability	0.06284091628679439	0.06284091681644682
NC_051809.1	18909987	18974471	C5H11orf71/LOC119881489	atac_mean	0.7758255375269703	0.9664817919832563
NC_051809.1	18909987	18974471	C5H11orf71/LOC119881489	atac_mean_percentile	0.03266666666666666	0.36133333333333334
NC_051809.1	18909987	18974471	C5H11orf71/LOC119881489	atac_mean_narrow	0.9706676674380899	0.9706611296221613
NC_051809.1	18909987	18974471	C5H11orf71/LOC119881489	atac_mean_narrow_percentile	0.4176666666666667	0.39466666666666667
NC_051809.1	18909987	18974471	C5H11orf71/LOC119881489	atac_variability	0.04947963105795612	0.049479631500000044
NC_051809.1	23237689	23310760	LOC111095852/C5H11orf87	atac_mean	0.9493892206844254	0.9532966750181777
NC_051809.1	23237689	23310760	LOC111095852/C5H11orf87	atac_mean_percentile	0.31466666666666665	0.30033333333333334
NC_051809.1	23237689	23310760	LOC111095852/C5H11orf87	atac_mean_narrow	0.9147978838816285	0.9147917193248868
NC_051809.1	23237689	23310760	LOC111095852/C5H11orf87	atac_mean_narrow_percentile	0.15666666666666668	0.12733333333333333
NC_051809.1	23237689	23310760	LOC111095852/C5H11orf87	atac_variability	0.04939927385484932	0.04939927393186431
NC_051809.1	23237689	23310760	LOC111095852/C5H11orf87	final_score_percentile	70.9	71.1
NC_051809.1	27846016	27902436	LOC100687870/LOC111095862	atac_mean	0.9402034744667863	0.9406139308506952
NC_051809.1	27846016	27902436	LOC100687870/LOC111095862	atac_mean_percentile	0.2683333333333333	0.23366666666666666
NC_051809.1	27846016	27902436	LOC100687870/LOC111095862	atac_mean_narrow	0.8614050114631653	0.8624773051614905
NC_051809.1	27846016	27902436	LOC100687870/LOC111095862	atac_mean_narrow_percentile	0.066	0.033
NC_051809.1	27846016	27902436	LOC100687870/LOC111095862	atac_variability	0.04870664260861011	0.04870664266620222
NC_051809.1	32059172	32124240	LOC119871841/LOC111095870	atac_mean	1.0460354336228546	1.0484453489155054
NC_051809.1	32059172	32124240	LOC119871841/LOC111095870	atac_mean_percentile	0.6373333333333333	0.6313333333333333
NC_051809.1	32059172	32124240	LOC119871841/LOC111095870	atac_mean_narrow	1.0558152180671692	1.0558081060871483
NC_051809.1	32059172	32124240	LOC119871841/LOC111095870	atac_mean_narrow_percentile	0.6703333333333333	0.6573333333333333
NC_051809.1	32059172	32124240	LOC119871841/LOC111095870	atac_variability	0.05358621952985944	0.053586219878604895
NC_051809.1	32059172	32124240	LOC119871841/LOC111095870	score_stability_atac	0.4013	0.4017
NC_051809.1	32059172	32124240	LOC119871841/LOC111095870	final_score	0.4551	0.4552
NC_051809.1	47160487	47220638	LOC119871875/LOC100684598	atac_mean	0.9407861095951576	0.9407797720986759
NC_051809.1	47160487	47220638	LOC119871875/LOC100684598	atac_mean_percentile	0.2703333333333333	0.23466666666666666
NC_051809.1	47160487	47220638	LOC119871875/LOC100684598	atac_mean_narrow	0.9347856962218881	0.9347793978407979
NC_051809.1	47160487	47220638	LOC119871875/LOC100684598	atac_mean_narrow_percentile	0.25033333333333335	0.224
NC_051809.1	47160487	47220638	LOC119871875/LOC100684598	atac_variability	0.05012964196290735	0.05012964215593487
NC_051809.1	47160487	47220638	LOC119871875/LOC100684598	score_stability_atac	0.7	0.7003
NC_051809.1	47160487	47220638	LOC119871875/LOC100684598	final_score	0.6177	0.6178
NC_051809.1	67812010	67871860	ZDHHC7/LOC119872032	atac_mean	1.2816606630508165	1.2821876165660615
NC_051809.1	67812010	67871860	ZDHHC7/LOC119872032	atac_mean_percentile	0.9166666666666666	0.9146666666666666
NC_051809.1	67812010	67871860	ZDHHC7/LOC119872032	atac_mean_narrow	1.2303204070925713	1.2303121183738113
NC_051809.1	67812010	67871860	ZDHHC7/LOC119872032	atac_mean_narrow_percentile	0.87	0.8656666666666667
NC_051809.1	67812010	67871860	ZDHHC7/LOC119872032	atac_variability	0.0674538468787864	0.06745384755757727
NC_051809.1	67812010	67871860	ZDHHC7/LOC119872032	score_stability_atac	0.0857	0.0853
NC_051809.1	67812010	67871860	ZDHHC7/LOC119872032	final_score	0.3452	0.3451
NC_051809.1	89203545	89257435	LOC111096139/LOC119874957	atac_mean	1.0483947335072739	1.0547486573143365
NC_051809.1	89203545	89257435	LOC111096139/LOC119874957	atac_mean_percentile	0.643	0.6466666666666666
NC_051809.1	89203545	89257435	LOC111096139/LOC119874957	atac_mean_narrow	1.0572557329535484	1.0572486149445177
NC_051809.1	89203545	89257435	LOC111096139/LOC119874957	atac_mean_narrow_percentile	0.673	0.66
NC_051809.1	89203545	89257435	LOC111096139/LOC119874957	atac_variability	0.052319486963242214	0.05231948706848874
NC_051810.1	3695908	3765879	LOC119881536/LOC119872440	atac_mean	1.009625154573042	1.012875374530813
NC_051810.1	3695908	3765879	LOC119881536/LOC119872440	atac_mean_percentile	0.537	0.529
NC_051810.1	3695908	3765879	LOC119881536/LOC119872440	atac_mean_narrow	0.9951029093362391	0.9950962071873247
NC_051810.1	3695908	3765879	LOC119881536/LOC119872440	atac_mean_narrow_percentile	0.509	0.49233333333333335
NC_051810.1	3695908	3765879	LOC119881536/LOC119872440	atac_variability	0.0512846965805497	0.05128469692523894
NC_051810.1	3695908	3765879	LOC119881536/LOC119872440	score_stability_atac	0.5677	0.5683
NC_051810.1	3695908	3765879	LOC119881536/LOC119872440	final_score	0.5149	0.515
NC_051810.1	15694571	15754185	LOC102156691/LOC111096491	atac_mean	1.2946150537110201	1.2946063346655146
NC_051810.1	15694571	15754185	LOC102156691/LOC111096491	atac_mean_percentile	0.9233333333333333	0.922
NC_051810.1	15694571	15754185	LOC102156691/LOC111096491	atac_mean_narrow	1.3070198852539063	1.3070110814839602
NC_051810.1	15694571	15754185	LOC102156691/LOC111096491	atac_mean_narrow_percentile	0.908	0.9063333333333333
NC_051810.1	15694571	15754185	LOC102156691/LOC111096491	atac_variability	0.06665946905391111	0.06665946961785384
NC_051810.1	43751242	43809227	SLC25A24/LOC102151888	atac_mean	1.1023151755990823	1.1114121886569093
NC_051810.1	43751242	43809227	SLC25A24/LOC102151888	atac_mean_percentile	0.746	0.7493333333333333
NC_051810.1	43751242	43809227	SLC25A24/LOC102151888	atac_mean_narrow	1.042900029680133	1.04289300429821
NC_051810.1	43751242	43809227	SLC25A24/LOC102151888	atac_mean_narrow_percentile	0.6436666666666667	0.6313333333333333
NC_051810.1	43751242	43809227	SLC25A24/LOC102151888	atac_variability	0.05753516070533339	0.05753516099093248
NC_051810.1	43751242	43809227	SLC25A24/LOC102151888	score_stability_atac	0.253	0.2533
NC_051810.1	43751242	43809227	SLC25A24/LOC102151888	final_score	0.4472	0.4473
NC_051810.1	46489068	46547626	LOC111096509/LOC100683041	atac_mean	0.9565615808270808	0.9565551379581851
NC_051810.1	46489068	46547626	LOC111096509/LOC100683041	atac_mean_percentile	0.3486666666666667	0.315
NC_051810.1	46489068	46547626	LOC111096509/LOC100683041	atac_mean_narrow	0.9729776395261288	0.9729710868507624
NC_051810.1	46489068	46547626	LOC111096509/LOC100683041	atac_mean_narrow_percentile	0.42833333333333334	0.4086666666666667
NC_051810.1	46489068	46547626	LOC111096509/LOC100683041	atac_variability	0.04957058234378841	0.04957058264398161
NC_051810.1	46489068	46547626	LOC111096509/LOC100683041	score_stability_atac	0.7787	0.7777
NC_051810.1	46489068	46547626	LOC111096509/LOC100683041	final_score	0.4522	0.452
NC_051810.1	50658944	50727578	LOC119872255/LOC119872463	atac_mean	0.9452488580558789	0.9452424897732329
NC_051810.1	50658944	50727578	LOC119872255/LOC119872463	atac_mean_percentile	0.294	0.25866666666666666
NC_051810.1	50658944	50727578	LOC119872255/LOC119872463	atac_mean_narrow	0.9640800918743014	0.9640735946699976
NC_051810.1	50658944	50727578	LOC119872255/LOC119872463	atac_mean_narrow_percentile	0.38766666666666666	0.365
NC_051810.1	50658944	50727578	LOC119872255/LOC119872463	atac_variability	0.050510906789445156	0.05051090716070363
NC_051810.1	50658944	50727578	LOC119872255/LOC119872463	score_stability_atac	0.6513	0.6507
NC_051810.1	50658944	50727578	LOC119872255/LOC119872463	final_score	0.3667	0.3666
NC_051810.1	54055016	54116812	LOC111096377/LOC111096379	atac_mean	0.9862271095296004	0.9862204656637643
NC_051810.1	54055016	54116812	LOC111096377/LOC111096379	atac_mean_percentile	0.46166666666666667	0.43766666666666665
NC_051810.1	54055016	54116812	LOC111096377/LOC111096379	atac_mean_narrow	0.9935245776668191	0.9935178863555193
NC_051810.1	54055016	54116812	LOC111096377/LOC111096379	atac_mean_narrow_percentile	0.502	0.48333333333333334
NC_051810.1	54055016	54116812	LOC111096377/LOC111096379	atac_variability	0.051892263853456314	0.051892264079286515
NC_051810.1	54055016	54116812	LOC111096377/LOC111096379	score_stability_atac	0.5113	0.5123
NC_051810.1	54055016	54116812	LOC111096377/LOC111096379	final_score	0.4929	0.4931
NC_051810.1	54055016	54116812	LOC111096377/LOC111096379	final_score_percentile	64.9	65.3
NC_051810.1	54185278	54253504	LOC119872358/LOC119876387	atac_mean	0.9634549210373702	0.9638015944538829
NC_051810.1	54185278	54253504	LOC119872358/LOC119876387	atac_mean_percentile	0.37533333333333335	0.34833333333333333
NC_051810.1	54185278	54253504	LOC119872358/LOC119876387	atac_mean_narrow	0.9649731127977371	0.964966609787941
NC_051810.1	54185278	54253504	LOC119872358/LOC119876387	atac_mean_narrow_percentile	0.39066666666666666	0.36866666666666664
NC_051810.1	54185278	54253504	LOC119872358/LOC119876387	atac_variability	0.05060929158858198	0.05060929180336382
NC_051810.1	54185278	54253504	LOC119872358/LOC119876387	score_stability_atac	0.638	0.6377
NC_051810.1	54185278	54253504	LOC119872358/LOC119876387	final_score	0.4653	0.4652
NC_051810.1	65303098	65376045	LOC102151889/LOC111096431	atac_mean	0.9454438580606045	0.945437488172184
NC_051810.1	65303098	65376045	LOC102151889/LOC111096431	atac_mean_percentile	0.2946666666666667	0.25933333333333336
NC_051810.1	65303098	65376045	LOC102151889/LOC111096431	atac_mean_narrow	0.9513651558935642	0.9513587460443378
NC_051810.1	65303098	65376045	LOC102151889/LOC111096431	atac_mean_narrow_percentile	0.326	0.30433333333333334
NC_051810.1	65303098	65376045	LOC102151889/LOC111096431	atac_variability	0.050182880818424466	0.05018288097456625
NC_051810.1	65303098	65376045	LOC102151889/LOC111096431	score_stability_atac	0.6953	0.696
NC_051810.1	65303098	65376045	LOC102151889/LOC111096431	final_score	0.5664	0.5665
NC_051810.1	68878658	68947141	LOC102152406/IFI44	atac_mean	0.9717686404044137	0.9735390639110845
NC_051810.1	68878658	68947141	LOC102152406/IFI44	atac_mean_percentile	0.4093333333333333	0.3883333333333333
NC_051810.1	68878658	68947141	LOC102152406/IFI44	atac_mean_narrow	0.9412159764632583	0.9412096358135342
NC_051810.1	68878658	68947141	LOC102152406/IFI44	atac_mean_narrow_percentile	0.2806666666666667	0.254
NC_051810.1	68878658	68947141	LOC102152406/IFI44	atac_variability	0.05124179106759997	0.05124179117417635
NC_051810.1	68878658	68947141	LOC102152406/IFI44	score_stability_atac	0.572	0.5723
NC_051810.1	68878658	68947141	LOC102152406/IFI44	final_score	0.3412	0.3413
NC_051811.1	2494758	2545521	LOC111096593/LOC102152591	atac_mean	1.0436635787753614	1.0485453883596376
NC_051811.1	2494758	2545521	LOC111096593/LOC102152591	atac_mean_percentile	0.6326666666666667	0.6313333333333333
NC_051811.1	2494758	2545521	LOC111096593/LOC102152591	atac_mean_narrow	1.0164482920736075	1.0243505762526801
NC_051811.1	2494758	2545521	LOC111096593/LOC102152591	atac_mean_narrow_percentile	0.581	0.5883333333333334
NC_051811.1	2494758	2545521	LOC111096593/LOC102152591	atac_variability	0.053662559306460286	0.0537747293197738
NC_051811.1	2494758	2545521	LOC111096593/LOC102152591	score_stability_atac	0.3977	0.3923
NC_051811.1	2494758	2545521	LOC111096593/LOC102152591	final_score	0.5116	0.5105
NC_051811.1	2494758	2545521	LOC111096593/LOC102152591	final_score_percentile	71.1	70.7
NC_051811.1	11479120	11529669	LOC111096626/LOC610143	atac_mean	1.024198813517088	1.0303719648349798
NC_051811.1	11479120	11529669	LOC111096626/LOC610143	atac_mean_narrow	1.0366147116973996	1.0414582146586704
NC_051811.1	11479120	11529669	LOC111096626/LOC610143	atac_mean_narrow_percentile	0.6316666666666667	0.629
NC_051811.1	11479120	11529669	LOC111096626/LOC610143	atac_variability	0.05267749394364009	0.05274690164943769
NC_051811.1	11479120	11529669	LOC111096626/LOC610143	score_stability_atac	0.454	0.4493
NC_051811.1	11479120	11529669	LOC111096626/LOC610143	final_score	0.5497	0.5488
NC_051811.1	11479120	11529669	LOC111096626/LOC610143	final_score_percentile	81.8	81.3
NC_051811.1	15394995	15461327	LOC106559021/GLUL	atac_mean	1.0735660230680588	1.0790280824893193
NC_051811.1	15394995	15461327	LOC106559021/GLUL	atac_mean_percentile	0.6993333333333334	0.6956666666666667
NC_051811.1	15394995	15461327	LOC106559021/GLUL	atac_mean_narrow	1.1475564524844288	1.1527404877584582
NC_051811.1	15394995	15461327	LOC106559021/GLUL	atac_mean_narrow_percentile	0.7996666666666666	0.7953333333333333
NC_051811.1	15394995	15461327	LOC106559021/GLUL	atac_variability	0.05640604567915273	0.056428430687474426
NC_051811.1	17217706	17274511	LOC119876429/LOC119872513	atac_mean	1.026969899234926	1.030247928481918
NC_051811.1	17217706	17274511	LOC119876429/LOC119872513	atac_mean_percentile	0.5826666666666667	0.5743333333333334
NC_051811.1	17217706	17274511	LOC119876429/LOC119872513	atac_mean_narrow	1.0410692459478974	1.0432953542612493
NC_051811.1	17217706	17274511	LOC119876429/LOC119872513	atac_mean_narrow_percentile	0.6403333333333333	0.6323333333333333
NC_051811.1	17217706	17274511	LOC119876429/LOC119872513	atac_variability	0.05306728332181759	0.053111890528205745
NC_051811.1	17217706	17274511	LOC119876429/LOC119872513	score_stability_atac	0.434	0.432
NC_051811.1	17217706	17274511	LOC119876429/LOC119872513	final_score	0.3988	0.3984
NC_051811.1	17217706	17274511	LOC119876429/LOC119872513	final_score_percentile	37.3	37.1
NC_051811.1	22837876	22907514	LOC100688557/LOC111096880	atac_mean	0.9710528241203676	0.973993557872687
NC_051811.1	22837876	22907514	LOC100688557/LOC111096880	atac_mean_percentile	0.407	0.3893333333333333
NC_051811.1	22837876	22907514	LOC100688557/LOC111096880	atac_mean_narrow	0.9282693765759468	0.9328043261542917
NC_051811.1	22837876	22907514	LOC100688557/LOC111096880	atac_mean_narrow_percentile	0.21633333333333332	0.214
NC_051811.1	22837876	22907514	LOC100688557/LOC111096880	atac_variability	0.050802924505713616	0.050695519293522916
NC_051811.1	22837876	22907514	LOC100688557/LOC111096880	score_stability_atac	0.617	0.628
NC_051811.1	22837876	22907514	LOC100688557/LOC111096880	final_score	0.3368	0.339
NC_051811.1	22837876	22907514	LOC100688557/LOC111096880	final_score_percentile	15.4	15.8
NC_051811.1	25873242	25943461	LOC111096660/LOC111096885	atac_mean	0.9769327910485557	0.9890434852501142
NC_051811.1	25873242	25943461	LOC111096660/LOC111096885	atac_mean_percentile	0.42433333333333334	0.446
NC_051811.1	25873242	25943461	LOC111096660/LOC111096885	atac_mean_narrow	0.9887203564040363	0.9964820795982741
NC_051811.1	25873242	25943461	LOC111096660/LOC111096885	atac_mean_narrow_percentile	0.481	0.496
NC_051811.1	25873242	25943461	LOC111096660/LOC111096885	atac_variability	0.05226206435500041	0.05223634546452031
NC_051811.1	25873242	25943461	LOC111096660/LOC111096885	score_stability_atac	0.483	0.4857
NC_051811.1	25873242	25943461	LOC111096660/LOC111096885	final_score	0.4543	0.4549
NC_051811.1	25873242	25943461	LOC111096660/LOC111096885	final_score_percentile	52.1	52.3
NC_051811.1	35118386	35179633	LOC111096699/LOC111096700	atac_mean	1.1123804096978276	1.1152279415876971
NC_051811.1	35118386	35179633	LOC111096699/LOC111096700	atac_mean_percentile	0.7606666666666667	0.754
NC_051811.1	35118386	35179633	LOC111096699/LOC111096700	atac_mean_narrow	1.0330371850520372	1.036421068070829
NC_051811.1	35118386	35179633	LOC111096699/LOC111096700	atac_mean_narrow_percentile	0.6223333333333333	0.6173333333333333
NC_051811.1	35118386	35179633	LOC111096699/LOC111096700	atac_variability	0.05837229385512558	0.0584347282971235
NC_051811.1	35118386	35179633	LOC111096699/LOC111096700	score_stability_atac	0.2347	0.2333
NC_051811.1	35118386	35179633	LOC111096699/LOC111096700	final_score	0.2838	0.2836
NC_051811.1	48020921	48077046	RIT2/LOC119872716	atac_mean	0.9348020173467878	0.9382234176872568
NC_051811.1	48020921	48077046	RIT2/LOC119872716	atac_mean_percentile	0.24233333333333335	0.22366666666666668
NC_051811.1	48020921	48077046	RIT2/LOC119872716	atac_mean_narrow	0.9276646728441119	0.9310880541011691
NC_051811.1	48020921	48077046	RIT2/LOC119872716	atac_mean_narrow_percentile	0.21366666666666667	0.203
NC_051811.1	48020921	48077046	RIT2/LOC119872716	atac_variability	0.049952849766625326	0.04991846314291646
NC_051811.1	48020921	48077046	RIT2/LOC119872716	score_stability_atac	0.7233	0.7297
NC_051811.1	48020921	48077046	RIT2/LOC119872716	final_score	0.6862	0.6874
NC_051811.1	48020921	48077046	RIT2/LOC119872716	final_score_percentile	96.7	97.0
NC_051811.1	54309697	54360521	LOC106559055/GALNT1	atac_mean	1.06706433363321	1.0697918302986016
NC_051811.1	54309697	54360521	LOC106559055/GALNT1	atac_mean_percentile	0.6876666666666666	0.6783333333333333
NC_051811.1	54309697	54360521	LOC106559055/GALNT1	atac_mean_narrow	1.0115106746718288	1.0148722437933086
NC_051811.1	54309697	54360521	LOC106559055/GALNT1	atac_mean_narrow_percentile	0.566	0.5616666666666666
NC_051811.1	54309697	54360521	LOC106559055/GALNT1	atac_variability	0.056281296798146356	0.05616903192926314
NC_051811.1	54309697	54360521	LOC106559055/GALNT1	score_stability_atac	0.2897	0.292
NC_051811.1	54309697	54360521	LOC106559055/GALNT1	final_score	0.3226	0.3231
NC_051811.1	54309697	54360521	LOC106559055/GALNT1	final_score_percentile	11.5	11.9
NC_051811.1	57734073	57792841	TRAPPC8/LOC111096784	atac_mean	0.9836692563781712	0.9941365475885114
NC_051811.1	57734073	57792841	TRAPPC8/LOC111096784	atac_mean_percentile	0.4523333333333333	0.4633333333333333
NC_051811.1	57734073	57792841	TRAPPC8/LOC111096784	atac_mean_narrow	1.0278838782906532	1.0300006861165165
NC_051811.1	57734073	57792841	TRAPPC8/LOC111096784	atac_mean_narrow_percentile	0.6123333333333333	0.6033333333333334
NC_051811.1	57734073	57792841	TRAPPC8/LOC111096784	atac_variability	0.05106240803195322	0.05109746981015877
NC_051811.1	57734073	57792841	TRAPPC8/LOC111096784	score_stability_atac	0.5913	0.5877
NC_051811.1	57734073	57792841	TRAPPC8/LOC111096784	final_score	0.437	0.4363
NC_051811.1	57734073	57792841	TRAPPC8/LOC111096784	final_score_percentile	47.1	46.9
NC_051811.1	59853346	59916313	NA/LOC612611	atac_mean	0.9040992783773985	0.9211342686157543
NC_051811.1	59853346	59916313	NA/LOC612611	atac_mean_percentile	0.11333333333333333	0.13366666666666666
NC_051811.1	59853346	59916313	NA/LOC612611	atac_mean_narrow	0.9287436423137784	0.9344596430909201
NC_051811.1	59853346	59916313	NA/LOC612611	atac_mean_narrow_percentile	0.21766666666666667	0.22233333333333333
NC_051811.1	59853346	59916313	NA/LOC612611	atac_variability	0.048564539734181546	0.04856690109320563
NC_051811.1	59853346	59916313	NA/LOC612611	final_score_percentile	77.9	77.7
NC_051811.1	62263653	62326266	KCTD1/TAF4B	atac_mean	1.058764827494325	1.0616161412873788
NC_051811.1	62263653	62326266	KCTD1/TAF4B	atac_mean_percentile	0.6696666666666666	0.6606666666666666
NC_051811.1	62263653	62326266	KCTD1/TAF4B	atac_mean_narrow	1.0661702022910118	1.0691212114885449
NC_051811.1	62263653	62326266	KCTD1/TAF4B	atac_mean_narrow_percentile	0.6886666666666666	0.6836666666666666
NC_051811.1	62263653	62326266	KCTD1/TAF4B	atac_variability	0.05472830131979027	0.05465294323118513
NC_051811.1	62263653	62326266	KCTD1/TAF4B	score_stability_atac	0.352	0.354
NC_051811.1	62263653	62326266	KCTD1/TAF4B	final_score	0.4323	0.4327
NC_051811.1	62263653	62326266	KCTD1/TAF4B	final_score_percentile	45.3	45.6
NC_051811.1	69954234	70019343	MYL12B/LOC106559068	atac_mean	0.9984788582689939	1.0058619609285844
NC_051811.1	69954234	70019343	MYL12B/LOC106559068	atac_mean_percentile	0.49966666666666665	0.5046666666666667
NC_051811.1	69954234	70019343	MYL12B/LOC106559068	atac_mean_narrow	0.9625379993908108	0.9787452084997006
NC_051811.1	69954234	70019343	MYL12B/LOC106559068	atac_mean_narrow_percentile	0.38166666666666665	0.4266666666666667
NC_051811.1	69954234	70019343	MYL12B/LOC106559068	atac_variability	0.05265911879507561	0.05254956691617453
NC_051811.1	69954234	70019343	MYL12B/LOC106559068	score_stability_atac	0.4553	0.4647
NC_051811.1	69954234	70019343	MYL12B/LOC106559068	final_score	0.2958	0.2976
NC_051811.1	72146896	72199972	LOC111096813/LOC111096814	atac_mean	1.01602454753255	1.0190262915998218
NC_051811.1	72146896	72199972	LOC111096813/LOC111096814	atac_mean_percentile	0.5563333333333333	0.544
NC_051811.1	72146896	72199972	LOC111096813/LOC111096814	atac_mean_narrow	0.9922653036341071	0.9949250184804201
NC_051811.1	72146896	72199972	LOC111096813/LOC111096814	atac_mean_narrow_percentile	0.497	0.491
NC_051811.1	72146896	72199972	LOC111096813/LOC111096814	atac_variability	0.05349171651629479	0.05346570116835839
NC_051811.1	72146896	72199972	LOC111096813/LOC111096814	score_stability_atac	0.407	0.409
NC_051811.1	72146896	72199972	LOC111096813/LOC111096814	final_score	0.4794	0.4798
NC_051811.1	77245369	77305935	NA/LOC111096922	atac_mean	0.9330285653802614	0.9378177651120785
NC_051811.1	77245369	77305935	NA/LOC111096922	atac_mean_percentile	0.23333333333333334	0.22066666666666668
NC_051811.1	77245369	77305935	NA/LOC111096922	atac_mean_narrow	0.9138781208537519	0.9246671613904296
NC_051811.1	77245369	77305935	NA/LOC111096922	atac_mean_narrow_percentile	0.154	0.16933333333333334
NC_051811.1	77245369	77305935	NA/LOC111096922	atac_variability	0.04937771073380077	0.049276647786118
NC_051811.1	77245369	77305935	NA/LOC111096922	score_stability_atac	0.8057	0.8197
NC_051811.1	77245369	77305935	NA/LOC111096922	final_score	0.5753	0.5781
NC_051811.1	77245369	77305935	NA/LOC111096922	final_score_percentile	85.0	85.9
NC_051811.1	80890788	80943582	MAPK4/LOC100688129	atac_mean	1.005624201773511	1.0094978926039697
NC_051811.1	80890788	80943582	MAPK4/LOC100688129	atac_mean_percentile	0.5243333333333333	0.52
NC_051811.1	80890788	80943582	MAPK4/LOC100688129	atac_mean_narrow	0.9420497075617313	0.9470797518167985
NC_051811.1	80890788	80943582	MAPK4/LOC100688129	atac_variability	0.052124566625623536	0.052193748884952984
NC_051811.1	80890788	80943582	MAPK4/LOC100688129	score_stability_atac	0.493	0.4883
NC_051811.1	80890788	80943582	MAPK4/LOC100688129	final_score	0.4422	0.4413
NC_051811.1	80890788	80943582	MAPK4/LOC100688129	final_score_percentile	48.4	47.9
NC_051812.1	52431	118675	LOC119872972/LOC119872973	atac_mean	0.44091164209067835	0.8560495331122191
NC_051812.1	52431	118675	LOC119872972/LOC119872973	atac_mean_percentile	0.012666666666666666	0.018666666666666668
NC_051812.1	52431	118675	LOC119872972/LOC119872973	atac_mean_narrow	0.21760388695895672	0.931517221904296
NC_051812.1	52431	118675	LOC119872972/LOC119872973	atac_mean_narrow_percentile	0.012	0.206
NC_051812.1	52431	118675	LOC119872972/LOC119872973	atac_variability	0.04528039610456458	0.04528039638995316
NC_051812.1	788172	845815	LOC490585/OR4L1	atac_mean	0.9309361631506746	0.9313338147531596
NC_051812.1	788172	845815	LOC490585/OR4L1	atac_mean_percentile	0.22333333333333333	0.18833333333333332
NC_051812.1	788172	845815	LOC490585/OR4L1	atac_mean_narrow	0.9811699756845832	0.9823913578038221
NC_051812.1	788172	845815	LOC490585/OR4L1	atac_mean_narrow_percentile	0.4563333333333333	0.44266666666666665
NC_051812.1	788172	845815	LOC490585/OR4L1	atac_variability	0.04875844227135018	0.04875844229515129
NC_051812.1	5172690	5239184	LOC119873153/LOC608162	atac_mean	0.9757222266607859	0.9757156546788187
NC_051812.1	5172690	5239184	LOC119873153/LOC608162	atac_mean_percentile	0.421	0.3953333333333333
NC_051812.1	5172690	5239184	LOC119873153/LOC608162	atac_mean_narrow	0.9834423246532679	0.9834356987647712
NC_051812.1	5172690	5239184	LOC119873153/LOC608162	atac_mean_narrow_percentile	0.4653333333333333	0.44733333333333336
NC_051812.1	5172690	5239184	LOC119873153/LOC608162	atac_variability	0.05059412493490718	0.05059412519468372
NC_051812.1	5534832	5600865	LOC111097200/LOC119872981	atac_mean	0.9605293228536058	0.9608866421485718
NC_051812.1	5534832	5600865	LOC111097200/LOC119872981	atac_mean_percentile	0.364	0.33666666666666667
NC_051812.1	5534832	5600865	LOC111097200/LOC119872981	atac_mean_narrow	0.966900400787592	0.9681040176462024
NC_051812.1	5534832	5600865	LOC111097200/LOC119872981	atac_mean_narrow_percentile	0.3983333333333333	0.38266666666666665
NC_051812.1	5534832	5600865	LOC111097200/LOC119872981	atac_variability	0.050250353961197994	0.05025035422461947
NC_051812.1	5534832	5600865	LOC111097200/LOC119872981	score_stability_atac	0.6857	0.6853
NC_051812.1	5534832	5600865	LOC111097200/LOC119872981	final_score	0.6294	0.6293
NC_051812.1	6167980	6227889	LOC119872983/NOVA1	atac_mean	0.9339050882208952	0.946538479809478
NC_051812.1	6167980	6227889	LOC119872983/NOVA1	atac_mean_percentile	0.23666666666666666	0.2633333333333333
NC_051812.1	6167980	6227889	LOC119872983/NOVA1	atac_mean_narrow	0.9752832208454609	0.975276650583744
NC_051812.1	6167980	6227889	LOC119872983/NOVA1	atac_mean_narrow_percentile	0.436	0.4156666666666667
NC_051812.1	6167980	6227889	LOC119872983/NOVA1	atac_variability	0.050323957640733046	0.050323957820144836
NC_051812.1	6167980	6227889	LOC119872983/NOVA1	score_stability_atac	0.6763	0.677
NC_051812.1	6167980	6227889	LOC119872983/NOVA1	final_score	0.4465	0.4467
NC_051812.1	8640791	8694857	LOC111096975/LOC102154002	atac_mean	0.9445122717450621	0.9445059084013185
NC_051812.1	8640791	8694857	LOC111096975/LOC102154002	atac_mean_percentile	0.29033333333333333	0.25366666666666665
NC_051812.1	8640791	8694857	LOC111096975/LOC102154002	atac_mean_narrow	0.9638376865774393	0.9638311923608184
NC_051812.1	8640791	8694857	LOC111096975/LOC102154002	atac_mean_narrow_percentile	0.3873333333333333	0.36466666666666664
NC_051812.1	8640791	8694857	LOC111096975/LOC102154002	atac_variability	0.049989095432551874	0.04998909541922783
NC_051812.1	10610167	10663583	LOC102155565/HEATR5A	atac_mean	0.9940598933446037	0.994053195663755
NC_051812.1	10610167	10663583	LOC102155565/HEATR5A	atac_mean_percentile	0.485	0.463
NC_051812.1	10610167	10663583	LOC102155565/HEATR5A	atac_mean_narrow	0.9738995740190148	0.9738930132612587
NC_051812.1	10610167	10663583	LOC102155565/HEATR5A	atac_mean_narrow_percentile	0.43066666666666664	0.412
NC_051812.1	10610167	10663583	LOC102155565/HEATR5A	atac_variability	0.05118092928857748	0.051180929729766136
NC_051812.1	10610167	10663583	LOC102155565/HEATR5A	score_stability_atac	0.5783	0.5787
NC_051812.1	10610167	10663583	LOC102155565/HEATR5A	final_score	0.3378	0.3379
NC_051812.1	10610167	10663583	LOC102155565/HEATR5A	final_score_percentile	15.6	15.4
NC_051812.1	12903397	12977974	NPAS3/EGLN3	atac_mean	1.0768809495389495	1.0772348107902603
NC_051812.1	12903397	12977974	NPAS3/EGLN3	atac_mean_percentile	0.705	0.6926666666666667
NC_051812.1	12903397	12977974	NPAS3/EGLN3	atac_mean_narrow	1.143391573175788	1.1433838723152876
NC_051812.1	12903397	12977974	NPAS3/EGLN3	atac_mean_narrow_percentile	0.7953333333333333	0.7863333333333333
NC_051812.1	12903397	12977974	NPAS3/EGLN3	atac_variability	0.05494693744160505	0.05494693769390544
NC_051812.1	21931015	21992476	LOC100684096/LOC119872816	atac_mean	0.4753682402173009	0.8333022607095855
NC_051812.1	21931015	21992476	LOC100684096/LOC119872816	atac_mean_percentile	0.015666666666666666	0.013
NC_051812.1	21931015	21992476	LOC100684096/LOC119872816	atac_mean_narrow	0.18518858708068728	0.7305220495578806
NC_051812.1	21931015	21992476	LOC100684096/LOC119872816	atac_mean_narrow_percentile	0.011333333333333334	0.006666666666666667
NC_051812.1	21931015	21992476	LOC100684096/LOC119872816	atac_variability	0.041904966091926794	0.04190496588100933
NC_051812.1	27735066	27803631	TMX1/LOC111097216	atac_mean	0.9965893759850833	0.9994981403881966
NC_051812.1	27735066	27803631	TMX1/LOC111097216	atac_mean_percentile	0.493	0.4816666666666667
NC_051812.1	27735066	27803631	TMX1/LOC111097216	atac_mean_narrow	1.0874617376953364	1.0874544142186642
NC_051812.1	27735066	27803631	TMX1/LOC111097216	atac_mean_narrow_percentile	0.7236666666666667	0.712
NC_051812.1	27735066	27803631	TMX1/LOC111097216	atac_variability	0.05117784656744215	0.051177846680049745
NC_051812.1	27735066	27803631	TMX1/LOC111097216	score_stability_atac	0.5787	0.579
NC_051812.1	28781785	28839966	LOC111097218/TXNDC16	atac_mean	0.8502004732421223	0.9367340923911066
NC_051812.1	28781785	28839966	LOC111097218/TXNDC16	atac_mean_percentile	0.048	0.214
NC_051812.1	28781785	28839966	LOC111097218/TXNDC16	atac_mean_narrow	1.0151965660229325	1.0151897260174154
NC_051812.1	28781785	28839966	LOC111097218/TXNDC16	atac_mean_narrow_percentile	0.5783333333333334	0.5626666666666666
NC_051812.1	28781785	28839966	LOC111097218/TXNDC16	atac_variability	0.04877921297086962	0.04877921320287201
NC_051812.1	36266983	36333691	SLC38A6/LOC111097065	atac_mean	1.049745125341449	1.0497380540502217
NC_051812.1	36266983	36333691	SLC38A6/LOC111097065	atac_mean_percentile	0.6436666666666667	0.6326666666666667
NC_051812.1	36266983	36333691	SLC38A6/LOC111097065	atac_mean_narrow	1.0771480404496192	1.077140784999728
NC_051812.1	36266983	36333691	SLC38A6/LOC111097065	atac_mean_narrow_percentile	0.7063333333333334	0.6963333333333334
NC_051812.1	36266983	36333691	SLC38A6/LOC111097065	atac_variability	0.05369599543924225	0.05369599593949935
NC_051812.1	36266983	36333691	SLC38A6/LOC111097065	score_stability_atac	0.3943	0.394
NC_051812.1	36266983	36333691	SLC38A6/LOC111097065	final_score	0.3738	0.3737
NC_051812.1	36266983	36333691	SLC38A6/LOC111097065	final_score_percentile	28.2	28.0
NC_051812.1	54071776	54128751	LOC102153790/LOC119873009	atac_mean	1.0335586502210463	1.0538990139481206
NC_051812.1	54071776	54128751	LOC102153790/LOC119873009	atac_mean_percentile	0.6056666666666667	0.643
NC_051812.1	54071776	54128751	LOC102153790/LOC119873009	atac_mean_narrow	1.0052986494943499	1.0052918787002563
NC_051812.1	54071776	54128751	LOC102153790/LOC119873009	atac_mean_narrow_percentile	0.5426666666666666	0.5246666666666666
NC_051812.1	54071776	54128751	LOC102153790/LOC119873009	atac_variability	0.05498050775681445	0.05498050821593266
NC_051812.1	55781421	55851186	LOC111097231/LOC106559104	atac_mean	0.866696293858066	0.8707468254796406
NC_051812.1	55781421	55851186	LOC111097231/LOC106559104	atac_mean_percentile	0.061	0.025666666666666667
NC_051812.1	55781421	55851186	LOC111097231/LOC106559104	atac_mean_narrow	0.8561984627917409	0.8615775551945908
NC_051812.1	55781421	55851186	LOC111097231/LOC106559104	atac_mean_narrow_percentile	0.063	0.033
NC_051812.1	55781421	55851186	LOC111097231/LOC106559104	atac_variability	0.04691243257892372	0.04691243247705904
NC_051812.1	58732540	58805036	LOC119873149/LOC119873016	atac_mean	0.9248083879089193	0.9364274142873947
NC_051812.1	58732540	58805036	LOC119873149/LOC119873016	atac_mean_percentile	0.19166666666666668	0.21333333333333335
NC_051812.1	58732540	58805036	LOC119873149/LOC119873016	atac_mean_narrow	0.8663321039102971	0.8931198629145463
NC_051812.1	58732540	58805036	LOC119873149/LOC119873016	atac_mean_narrow_percentile	0.067	0.06
NC_051812.1	58732540	58805036	LOC119873149/LOC119873016	atac_variability	0.04935156191114723	0.049351562109903976
NC_051812.1	61680835	61737486	CALM1/LOC111097143	atac_mean	1.2218195648166508	1.2277712842122586
NC_051812.1	61680835	61737486	CALM1/LOC111097143	atac_mean_percentile	0.873	0.876
NC_051812.1	61680835	61737486	CALM1/LOC111097143	atac_mean_narrow	1.3154881172478199	1.3154792548269034
NC_051812.1	61680835	61737486	CALM1/LOC111097143	atac_mean_narrow_percentile	0.9106666666666666	0.909
NC_051812.1	61680835	61737486	CALM1/LOC111097143	atac_variability	0.06465572630011429	0.06465572704166879
NC_051812.1	67788194	67843405	LOC119873039/LOC111097248	atac_mean	1.0725035529306173	1.072496329549073
NC_051812.1	67788194	67843405	LOC119873039/LOC111097248	atac_mean_percentile	0.6973333333333334	0.6826666666666666
NC_051812.1	67788194	67843405	LOC119873039/LOC111097248	atac_mean_narrow	1.1156970071613788	1.1156894934251904
NC_051812.1	67788194	67843405	LOC119873039/LOC111097248	atac_mean_narrow_percentile	0.7613333333333333	0.752
NC_051812.1	67788194	67843405	LOC119873039/LOC111097248	atac_variability	0.054492003419683945	0.05449200386891738
NC_051812.1	67788194	67843405	LOC119873039/LOC111097248	score_stability_atac	0.36	0.3593
NC_051812.1	67788194	67843405	LOC119873039/LOC111097248	final_score	0.3595	0.3594
NC_051812.1	70725627	70776316	LOC106559203/LOC119881569	atac_mean	1.520542475546539	1.520532233897814
NC_051812.1	70725627	70776316	LOC106559203/LOC119881569	atac_mean_percentile	0.9806666666666667	0.9786666666666667
NC_051812.1	70725627	70776316	LOC106559203/LOC119881569	atac_mean_narrow	1.3312960728257894	1.3312871104866266
NC_051812.1	70725627	70776316	LOC106559203/LOC119881569	atac_mean_narrow_percentile	0.9176666666666666	0.916
NC_051812.1	70725627	70776316	LOC106559203/LOC119881569	atac_variability	0.08190685867679416	0.08190685886767404
NC_051812.1	71254791	71309046	TNFAIP2/LOC480441	atac_mean	1.1910326903398747	1.1910246671092048
NC_051812.1	71254791	71309046	TNFAIP2/LOC480441	atac_mean_percentile	0.849	0.8456666666666667
NC_051812.1	71254791	71309046	TNFAIP2/LOC480441	atac_mean_narrow	1.2337250974833964	1.233716785633564
NC_051812.1	71254791	71309046	TNFAIP2/LOC480441	atac_mean_narrow_percentile	0.8726666666666667	0.869
NC_051812.1	71254791	71309046	TNFAIP2/LOC480441	atac_variability	0.06138296042666143	0.06138296097842775
NC_051813.1	8313493	8376479	LOC102156472/LOC102156400	atac_mean	1.0891992303604332	1.091791976016311
NC_051813.1	8313493	8376479	LOC102156472/LOC102156400	atac_mean_percentile	0.729	0.722
NC_051813.1	8313493	8376479	LOC102156472/LOC102156400	atac_mean_narrow	1.0830145395845174	1.083007242795825
NC_051813.1	8313493	8376479	LOC102156472/LOC102156400	atac_mean_narrow_percentile	0.7156666666666667	0.7043333333333334
NC_051813.1	8313493	8376479	LOC102156472/LOC102156400	atac_variability	0.05478681464637674	0.054786814965629205
NC_051813.1	8313493	8376479	LOC102156472/LOC102156400	score_stability_atac	0.349	0.3487
NC_051813.1	8313493	8376479	LOC102156472/LOC102156400	final_score	0.3347	0.3346
NC_051813.1	8406782	8479948	LOC119873409/SOX9	atac_mean	1.0767269167533118	1.077455972589178
NC_051813.1	8406782	8479948	LOC119873409/SOX9	atac_mean_percentile	0.704	0.693
NC_051813.1	8406782	8479948	LOC119873409/SOX9	atac_mean_narrow	1.1026668703332543	1.1026594436243176
NC_051813.1	8406782	8479948	LOC119873409/SOX9	atac_mean_narrow_percentile	0.7446666666666667	0.7353333333333333
NC_051813.1	8406782	8479948	LOC119873409/SOX9	atac_variability	0.05465246781741621	0.054652468109525634
NC_051813.1	15175682	15238845	LOC102154199/CACNG5	atac_mean	1.1661910273712348	1.1661831705131191
NC_051813.1	15175682	15238845	LOC102154199/CACNG5	atac_mean_percentile	0.826	0.8216666666666667
NC_051813.1	15175682	15238845	LOC102154199/CACNG5	atac_mean_narrow	1.1393607844948768	1.1393531069219112
NC_051813.1	15175682	15238845	LOC102154199/CACNG5	atac_mean_narrow_percentile	0.7906666666666666	0.7823333333333333
NC_051813.1	15175682	15238845	LOC102154199/CACNG5	atac_variability	0.059102417777037036	0.05910241822076551
NC_051813.1	15175682	15238845	LOC102154199/CACNG5	final_score_percentile	15.8	15.6
NC_051813.1	33214836	33269418	MSI2/CCDC182	veto_low_atac_accessibility	True	False
NC_051813.1	33214836	33269418	MSI2/CCDC182	atac_mean	0.9827211783213127	1.0423951258724948
NC_051813.1	33214836	33269418	MSI2/CCDC182	atac_mean_percentile	0.44733333333333336	0.6133333333333333
NC_051813.1	33214836	33269418	MSI2/CCDC182	atac_mean_narrow	1.0255685628823936	1.030715229492541
NC_051813.1	33214836	33269418	MSI2/CCDC182	atac_mean_narrow_percentile	0.6056666666666667	0.6043333333333333
NC_051813.1	33214836	33269418	MSI2/CCDC182	atac_variability	0.053074884940521934	0.05307488522972329
NC_051813.1	33214836	33269418	MSI2/CCDC182	score_stability_atac	0.4333	0.4337
NC_051813.1	33214836	33269418	MSI2/CCDC182	final_score	0.3877	0.3878
NC_051813.1	35794767	35867117	BRIP1/LOC100855486	atac_mean	0.866356311150889	0.8794171408697916
NC_051813.1	35794767	35867117	BRIP1/LOC100855486	atac_mean_percentile	0.061	0.03266666666666666
NC_051813.1	35794767	35867117	BRIP1/LOC100855486	atac_mean_narrow	0.7866545497901738	0.8269637262077119
NC_051813.1	35794767	35867117	BRIP1/LOC100855486	atac_mean_narrow_percentile	0.04533333333333334	0.022
NC_051813.1	35794767	35867117	BRIP1/LOC100855486	atac_variability	0.047068529080008185	0.04706852920443648
NC_051813.1	42596793	42666787	LOC102151497/LOC111097438	atac_mean	1.1481091487565906	1.150567126885525
NC_051813.1	42596793	42666787	LOC102151497/LOC111097438	atac_mean_percentile	0.8006666666666666	0.7996666666666666
NC_051813.1	42596793	42666787	LOC102151497/LOC111097438	atac_mean_narrow	1.1840817217305302	1.1870413489621086
NC_051813.1	42596793	42666787	LOC102151497/LOC111097438	atac_mean_narrow_percentile	0.8323333333333334	0.829
NC_051813.1	42596793	42666787	LOC102151497/LOC111097438	atac_variability	0.060255973145975354	0.06025597349746705
NC_051813.1	44260433	44316601	LOC119873524/LOC119881587	atac_mean	1.023581957669785	1.0249436477304892
NC_051813.1	44260433	44316601	LOC119873524/LOC119881587	atac_mean_percentile	0.5743333333333334	0.5593333333333333
NC_051813.1	44260433	44316601	LOC119873524/LOC119881587	atac_mean_narrow	1.0512085089147092	1.0551582718628414
NC_051813.1	44260433	44316601	LOC119873524/LOC119881587	atac_mean_narrow_percentile	0.6613333333333333	0.6563333333333333
NC_051813.1	44260433	44316601	LOC119873524/LOC119881587	atac_variability	0.052486798042633946	0.05248679832180764
NC_051813.1	44260433	44316601	LOC119873524/LOC119881587	score_stability_atac	0.4677	0.468
NC_051813.1	44260433	44316601	LOC119873524/LOC119881587	final_score	0.3466	0.3467
NC_051813.1	53233104	53304110	MED27/LOC111097551	atac_mean	1.1904977657446723	1.1904897472566172
NC_051813.1	53233104	53304110	MED27/LOC111097551	atac_mean_percentile	0.8486666666666667	0.845
NC_051813.1	53233104	53304110	MED27/LOC111097551	atac_mean_narrow	1.20952407451272	1.2095159286826849
NC_051813.1	53233104	53304110	MED27/LOC111097551	atac_mean_narrow_percentile	0.8516666666666667	0.8476666666666667
NC_051813.1	53233104	53304110	MED27/LOC111097551	atac_variability	0.060058126100257805	0.06005812650399794
NC_051813.1	55289222	55342350	LOC102151894/LOC111097492	atac_mean	1.3519883320569104	1.3519792260349408
NC_051813.1	55289222	55342350	LOC102151894/LOC111097492	atac_mean_percentile	0.9463333333333334	0.945
NC_051813.1	55289222	55342350	LOC102151894/LOC111097492	atac_mean_narrow	1.2438648816913367	1.2438565048873425
NC_051813.1	55289222	55342350	LOC102151894/LOC111097492	atac_mean_narrow_percentile	0.8803333333333333	0.8753333333333333
NC_051813.1	55289222	55342350	LOC102151894/LOC111097492	atac_variability	0.07102883362357906	0.07102883404517046
NC_051813.1	60390416	60460489	LOC119873444/LOC119873377	atac_mean	1.1497898762090994	1.1506031366236478
NC_051813.1	60390416	60460489	LOC119873444/LOC119873377	atac_mean_percentile	0.8026666666666666	0.7996666666666666
NC_051813.1	60390416	60460489	LOC119873444/LOC119873377	atac_mean_narrow	1.0838861079737545	1.0838788102939725
NC_051813.1	60390416	60460489	LOC119873444/LOC119873377	atac_mean_narrow_percentile	0.7166666666666667	0.7053333333333334
NC_051813.1	60390416	60460489	LOC119873444/LOC119873377	atac_variability	0.05881503890740566	0.058815039363873195
NC_051813.1	60390416	60460489	LOC119873444/LOC119873377	score_stability_atac	0.224	0.2243
NC_051814.1	6647061	6715959	LOC119881620/LOC119881618	atac_mean	0.2818225451444655	0.7689853029380931
NC_051814.1	6647061	6715959	LOC119881620/LOC119881618	atac_mean_percentile	0.006	0.005
NC_051814.1	6647061	6715959	LOC119881620/LOC119881618	atac_mean_narrow	0.2542605751492083	0.7254175811942226
NC_051814.1	6647061	6715959	LOC119881620/LOC119881618	atac_mean_narrow_percentile	0.014	0.006666666666666667
NC_051814.1	6647061	6715959	LOC119881620/LOC119881618	atac_variability	0.03366432687608043	0.03366432681147091
NC_051814.1	16586697	16654416	LOC100685032/LOC119873751	atac_mean	0.9245138726269784	0.9320777888843793
NC_051814.1	16586697	16654416	LOC100685032/LOC119873751	atac_mean_percentile	0.19066666666666668	0.19166666666666668
NC_051814.1	16586697	16654416	LOC100685032/LOC119873751	atac_mean_narrow	0.8868719812989235	0.887975976037442
NC_051814.1	16586697	16654416	LOC100685032/LOC119873751	atac_mean_narrow_percentile	0.083	0.051333333333333335
NC_051814.1	16586697	16654416	LOC100685032/LOC119873751	atac_variability	0.04958818052516397	0.049588180830333915
NC_051814.1	16586697	16654416	LOC100685032/LOC119873751	score_stability_atac	0.775	0.7743
NC_051814.1	16586697	16654416	LOC100685032/LOC119873751	final_score	0.4953	0.4952
NC_051814.1	22082493	22156729	LOC119873757/LOC102153700	atac_mean	1.2214104076718466	1.2226373998890323
NC_051814.1	22082493	22156729	LOC119873757/LOC102153700	atac_mean_percentile	0.8726666666666667	0.8706666666666667
NC_051814.1	22082493	22156729	LOC119873757/LOC102153700	atac_mean_narrow	1.252368439243734	1.2539274138159984
NC_051814.1	22082493	22156729	LOC119873757/LOC102153700	atac_mean_narrow_percentile	0.8836666666666667	0.881
NC_051814.1	22082493	22156729	LOC119873757/LOC102153700	atac_variability	0.06248568218226006	0.06248568258883699
NC_051814.1	24918877	24986657	LOC119873626/LOC119873758	atac_mean	1.1958092052868754	1.1984533775314132
NC_051814.1	24918877	24986657	LOC119873626/LOC119873758	atac_mean_percentile	0.853	0.8506666666666667
NC_051814.1	24918877	24986657	LOC119873626/LOC119873758	atac_mean_narrow	1.12702812487334	1.1270205318272113
NC_051814.1	24918877	24986657	LOC119873626/LOC119873758	atac_mean_narrow_percentile	0.7753333333333333	0.766
NC_051814.1	24918877	24986657	LOC119873626/LOC119873758	atac_variability	0.06289874155610484	0.06289874189745412
NC_051814.1	25211889	25276787	SLC25A17/MCHR1	atac_mean	1.1050954671470024	1.1085041660873403
NC_051814.1	25211889	25276787	SLC25A17/MCHR1	atac_mean_percentile	0.7503333333333333	0.746
NC_051814.1	25211889	25276787	SLC25A17/MCHR1	atac_mean_narrow	1.0880729442536832	1.0880656116068363
NC_051814.1	25211889	25276787	SLC25A17/MCHR1	atac_mean_narrow_percentile	0.7243333333333334	0.7133333333333334
NC_051814.1	25211889	25276787	SLC25A17/MCHR1	atac_variability	0.05670022074340673	0.056700221200161945
NC_051814.1	25211889	25276787	SLC25A17/MCHR1	score_stability_atac	0.2767	0.2763
NC_051814.1	25211889	25276787	SLC25A17/MCHR1	final_score	0.3231	0.323
NC_051814.1	25211889	25276787	SLC25A17/MCHR1	final_score_percentile	11.9	11.7
NC_051814.1	29447517	29507386	LOC102152977/MCM5	atac_mean	1.2487937871405754	1.248785375609931
NC_051814.1	29447517	29507386	LOC102152977/MCM5	atac_mean_percentile	0.8953333333333333	0.8923333333333333
NC_051814.1	29447517	29507386	LOC102152977/MCM5	atac_mean_narrow	1.2512285764575004	1.2512201491266488
NC_051814.1	29447517	29507386	LOC102152977/MCM5	atac_mean_narrow_percentile	0.8836666666666667	0.8803333333333333
NC_051814.1	29447517	29507386	LOC102152977/MCM5	atac_variability	0.06415962479727598	0.06415962519980321
NC_051814.1	29447517	29507386	LOC102152977/MCM5	score_stability_atac	0.126	0.1263
NC_051814.1	33387381	33437530	LOC106559418/LOC106559383	atac_mean	1.0523248327723547	1.0528425997055193
NC_051814.1	33387381	33437530	LOC106559418/LOC106559383	atac_mean_percentile	0.6536666666666666	0.642
NC_051814.1	33387381	33437530	LOC106559418/LOC106559383	atac_mean_narrow	1.0850629713386297	1.0850556600093841
NC_051814.1	33387381	33437530	LOC106559418/LOC106559383	atac_mean_narrow_percentile	0.7196666666666667	0.7076666666666667
NC_051814.1	33387381	33437530	LOC106559418/LOC106559383	atac_variability	0.0529896427400739	0.05298964298592194
NC_051814.1	34678177	34747422	LOC102152060/TXNRD1	atac_mean	1.104199078593222	1.104989523945865
NC_051814.1	34678177	34747422	LOC102152060/TXNRD1	atac_mean_percentile	0.7496666666666667	0.739
NC_051814.1	34678177	34747422	LOC102152060/TXNRD1	atac_mean_narrow	1.1450952229827642	1.1479574030010324
NC_051814.1	34678177	34747422	LOC102152060/TXNRD1	atac_mean_narrow_percentile	0.7973333333333333	0.792
NC_051814.1	34678177	34747422	LOC102152060/TXNRD1	atac_variability	0.05644566258042889	0.05644566293189045
NC_051814.1	34678177	34747422	LOC102152060/TXNRD1	score_stability_atac	0.284	0.2847
NC_051814.1	34678177	34747422	LOC102152060/TXNRD1	final_score	0.377	0.3772
NC_051814.1	35158873	35212398	SEPTIN10/LOC106559442	atac_mean	1.0207959730326712	1.0217435514848887
NC_051814.1	35158873	35212398	SEPTIN10/LOC106559442	atac_mean_percentile	0.5676666666666667	0.551
NC_051814.1	35158873	35212398	SEPTIN10/LOC106559442	atac_mean_narrow	0.9902191642075777	0.990212496727705
NC_051814.1	35158873	35212398	SEPTIN10/LOC106559442	atac_mean_narrow_percentile	0.487	0.4713333333333333
NC_051814.1	35158873	35212398	SEPTIN10/LOC106559442	atac_variability	0.05249394630962744	0.052493946550377375
NC_051814.1	35158873	35212398	SEPTIN10/LOC106559442	score_stability_atac	0.467	0.4673
NC_051814.1	35158873	35212398	SEPTIN10/LOC106559442	final_score	0.3539	0.354
NC_051814.1	46275184	46345564	TRNAI-UAU-2/LOC119873662	atac_mean	1.383825553321015	1.3838162270496601
NC_051814.1	46275184	46345564	TRNAI-UAU-2/LOC119873662	atac_mean_percentile	0.955	0.954
NC_051814.1	46275184	46345564	TRNAI-UAU-2/LOC119873662	atac_mean_narrow	1.1835972828060388	1.1835893066793681
NC_051814.1	46275184	46345564	TRNAI-UAU-2/LOC119873662	atac_mean_narrow_percentile	0.832	0.826
NC_051814.1	46275184	46345564	TRNAI-UAU-2/LOC119873662	atac_variability	0.0725601482314633	0.0725601486111141
NC_051814.1	46556671	46612324	LOC106559407/LOC119873664	atac_mean	1.6830930590528903	1.6830817246459349
NC_051814.1	46556671	46612324	LOC106559407/LOC119873664	atac_mean_narrow	1.8107168496906758	1.810704659128189
NC_051814.1	46556671	46612324	LOC106559407/LOC119873664	atac_variability	0.09197585393674655	0.09197585455592135
NC_051814.1	46556671	46612324	LOC106559407/LOC119873664	score_stability_atac	0.0077	0.008
NC_051814.1	55173498	55233905	NA/LOC102151272	atac_mean	0.9416682669257369	0.9443978594240261
NC_051814.1	55173498	55233905	NA/LOC102151272	atac_mean_percentile	0.2763333333333333	0.25233333333333335
NC_051814.1	55173498	55233905	NA/LOC102151272	atac_mean_narrow	0.9463640802621841	0.9487295292568088
NC_051814.1	55173498	55233905	NA/LOC102151272	atac_mean_narrow_percentile	0.30533333333333335	0.2916666666666667
NC_051814.1	55173498	55233905	NA/LOC102151272	atac_variability	0.048584741149244375	0.04858474159969234
NC_051814.1	55173498	55233905	NA/LOC102151272	score_stability_atac	0.8977	0.898
NC_051814.1	55173498	55233905	NA/LOC102151272	final_score	0.4937	0.4938
NC_051814.1	57054512	57104779	LOC119873779/CLHC1	atac_mean	1.2905780560273032	1.2905693627692494
NC_051814.1	57054512	57104779	LOC119873779/CLHC1	atac_mean_percentile	0.9203333333333333	0.9196666666666666
NC_051814.1	57054512	57104779	LOC119873779/CLHC1	atac_mean_narrow	1.5891739165633916	1.5891632133573295
NC_051814.1	57054512	57104779	LOC119873779/CLHC1	atac_variability	0.07005227022631143	0.07005227068423749
NC_051814.1	57815583	57880350	LOC119873681/LOC111097852	atac_mean	0.9988938500834923	0.9988871199776167
NC_051814.1	57815583	57880350	LOC119873681/LOC111097852	atac_mean_percentile	0.5006666666666667	0.4806666666666667
NC_051814.1	57815583	57880350	LOC119873681/LOC111097852	atac_mean_narrow	0.9504144002556801	0.9504079959020019
NC_051814.1	57815583	57880350	LOC119873681/LOC111097852	atac_mean_narrow_percentile	0.323	0.30133333333333334
NC_051814.1	57815583	57880350	LOC119873681/LOC111097852	atac_variability	0.05249021645447036	0.052490216779574474
NC_051814.1	57815583	57880350	LOC119873681/LOC111097852	score_stability_atac	0.4673	0.4677
NC_051814.1	57815583	57880350	LOC119873681/LOC111097852	final_score	0.538	0.5381
NC_051814.1	61932847	61989787	LOC102155693/LOC119873691	atac_mean	1.1844000250854783	1.186997856165252
NC_051814.1	61932847	61989787	LOC102155693/LOC119873691	atac_mean_narrow	1.1257435041576624	1.132816020205336
NC_051814.1	61932847	61989787	LOC102155693/LOC119873691	atac_mean_narrow_percentile	0.774	0.7736666666666666
NC_051814.1	61932847	61989787	LOC102155693/LOC119873691	atac_variability	0.06324292281887835	0.06324292332919029
NC_051814.1	63844443	63896703	OTX1/LOC100686739	atac_mean	0.9764639485346555	0.976457370922591
NC_051814.1	63844443	63896703	OTX1/LOC100686739	atac_mean_percentile	0.4236666666666667	0.39766666666666667
NC_051814.1	63844443	63896703	OTX1/LOC100686739	atac_mean_narrow	0.961285854126513	0.9612793782040476
NC_051814.1	63844443	63896703	OTX1/LOC100686739	atac_mean_narrow_percentile	0.37566666666666665	0.354
NC_051814.1	63844443	63896703	OTX1/LOC100686739	atac_variability	0.05162683386589806	0.05162683399376334
NC_051814.1	66943912	67008116	MEIS1/LOC111097797	atac_mean	0.9906561676187461	0.9964696315004641
NC_051814.1	66943912	67008116	MEIS1/LOC111097797	atac_mean_percentile	0.4736666666666667	0.4713333333333333
NC_051814.1	66943912	67008116	MEIS1/LOC111097797	atac_mean_narrow	1.01890056193918	1.0291855525654374
NC_051814.1	66943912	67008116	MEIS1/LOC111097797	atac_mean_narrow_percentile	0.5863333333333334	0.602
NC_051814.1	66943912	67008116	MEIS1/LOC111097797	atac_variability	0.05216384344270244	0.05216384362118617
NC_051814.1	68117840	68179368	LOC100683563/C1D	atac_mean	1.0366846112554504	1.038365257783493
NC_051814.1	68117840	68179368	LOC100683563/C1D	atac_mean_percentile	0.6126666666666667	0.6
NC_051814.1	68117840	68179368	LOC100683563/C1D	atac_mean_narrow	1.1048264139905573	1.1048189724907278
NC_051814.1	68117840	68179368	LOC100683563/C1D	atac_mean_narrow_percentile	0.747	0.7383333333333333
NC_051814.1	68117840	68179368	LOC100683563/C1D	atac_variability	0.05411303753974277	0.054113037799656115
NC_051814.1	68117840	68179368	LOC100683563/C1D	score_stability_atac	0.3753	0.3747
NC_051814.1	68117840	68179368	LOC100683563/C1D	final_score	0.3766	0.3765
NC_051815.1	5132068	5205139	LOC102157398/LOC119873853	atac_mean	1.1032514316633024	1.1142999224039942
NC_051815.1	5132068	5205139	LOC102157398/LOC119873853	atac_mean_percentile	0.748	0.754
NC_051815.1	5132068	5205139	LOC102157398/LOC119873853	atac_mean_narrow	1.0808551152557135	1.0808478338971734
NC_051815.1	5132068	5205139	LOC102157398/LOC119873853	atac_mean_narrow_percentile	0.7136666666666667	0.7016666666666667
NC_051815.1	5132068	5205139	LOC102157398/LOC119873853	atac_variability	0.05969204352716968	0.05969204381521939
NC_051815.1	5132068	5205139	LOC102157398/LOC119873853	score_stability_atac	0.203	0.2033
NC_051815.1	7585907	7653876	LOC100687242/LOC106559451	atac_mean	0.9410089760083498	0.9483276219109144
NC_051815.1	7585907	7653876	LOC100687242/LOC106559451	atac_mean_percentile	0.271	0.27366666666666667
NC_051815.1	7585907	7653876	LOC100687242/LOC106559451	atac_mean_narrow	0.946574748172611	0.9489407216374737
NC_051815.1	7585907	7653876	LOC100687242/LOC106559451	atac_mean_narrow_percentile	0.30666666666666664	0.2946666666666667
NC_051815.1	7585907	7653876	LOC100687242/LOC106559451	atac_variability	0.05019835194372028	0.050198352223142215
NC_051815.1	7585907	7653876	LOC100687242/LOC106559451	score_stability_atac	0.6923	0.6927
NC_051815.1	7585907	7653876	LOC100687242/LOC106559451	final_score	0.4143	0.4144
NC_051815.1	15804115	15863613	LOC111097925/LOC111098006	atac_mean	0.9607243387168137	0.9607178657824238
NC_051815.1	15804115	15863613	LOC111097925/LOC111098006	atac_mean_percentile	0.365	0.3343333333333333
NC_051815.1	15804115	15863613	LOC111097925/LOC111098006	atac_mean_narrow	0.9647760428890586	0.9647695420876146
NC_051815.1	15804115	15863613	LOC111097925/LOC111098006	atac_mean_narrow_percentile	0.3903333333333333	0.36833333333333335
NC_051815.1	15804115	15863613	LOC111097925/LOC111098006	atac_variability	0.049612944686714025	0.04961294500144903
NC_051815.1	33774377	33832861	LOC100856273/LOC100856119	atac_mean	0.8731959298776398	0.9013157085836893
NC_051815.1	33774377	33832861	LOC100856273/LOC100856119	atac_mean_percentile	0.06733333333333333	0.06366666666666666
NC_051815.1	33774377	33832861	LOC100856273/LOC100856119	atac_mean_narrow	0.9404566534936428	0.9404503185838461
NC_051815.1	33774377	33832861	LOC100856273/LOC100856119	atac_mean_narrow_percentile	0.274	0.24866666666666667
NC_051815.1	33774377	33832861	LOC100856273/LOC100856119	atac_variability	0.04867020773650921	0.04867020772006934
NC_051815.1	33774377	33832861	LOC100856273/LOC100856119	score_stability_atac	0.8907	0.891
NC_051815.1	33774377	33832861	LOC100856273/LOC100856119	final_score	0.4216	0.4217
NC_051815.1	54176384	54240721	MELK/LOC119874128	atac_mean	1.0687682327115673	1.070424810575942
NC_051815.1	54176384	54240721	MELK/LOC119874128	atac_mean_percentile	0.6916666666666667	0.68
NC_051815.1	54176384	54240721	MELK/LOC119874128	atac_mean_narrow	1.0653466631904245	1.0693495452927526
NC_051815.1	54176384	54240721	MELK/LOC119874128	atac_mean_narrow_percentile	0.6876666666666666	0.6846666666666666
NC_051815.1	54176384	54240721	MELK/LOC119874128	atac_variability	0.054730762644999445	0.05473076314462026
NC_051815.1	54176384	54240721	MELK/LOC119874128	score_stability_atac	0.352	0.3513
NC_051815.1	54176384	54240721	MELK/LOC119874128	final_score	0.4048	0.4046
NC_051815.1	56181459	56247618	LOC111098102/LOC119874060	atac_mean	1.06386527272599	1.0638581062321268
NC_051815.1	56181459	56247618	LOC111098102/LOC119874060	atac_mean_percentile	0.6806666666666666	0.668
NC_051815.1	56181459	56247618	LOC111098102/LOC119874060	atac_mean_narrow	1.084693380062282	1.084686074784398
NC_051815.1	56181459	56247618	LOC111098102/LOC119874060	atac_mean_narrow_percentile	0.718	0.707
NC_051815.1	56181459	56247618	LOC111098102/LOC119874060	atac_variability	0.05547688348141289	0.05547688389965889
NC_051815.1	56181459	56247618	LOC111098102/LOC119874060	score_stability_atac	0.317	0.3173
NC_051815.1	56181459	56247618	LOC111098102/LOC119874060	final_score	0.458	0.4581
NC_051815.1	67619694	67676552	LOC119873978/LOC111097883	atac_mean	1.2872446807116242	1.2963559652759729
NC_051815.1	67619694	67676552	LOC119873978/LOC111097883	atac_mean_percentile	0.9193333333333333	0.922
NC_051815.1	67619694	67676552	LOC119873978/LOC111097883	atac_mean_narrow	1.447990442210436	1.4479806876838208
NC_051815.1	67619694	67676552	LOC119873978/LOC111097883	atac_mean_narrow_percentile	0.9486666666666667	0.947
NC_051815.1	67619694	67676552	LOC119873978/LOC111097883	atac_variability	0.07089252243091844	0.07089252301474
NC_051815.1	67619694	67676552	LOC119873978/LOC111097883	score_stability_atac	0.06	0.0603
NC_051815.1	67619694	67676552	LOC119873978/LOC111097883	final_score	0.2685	0.2686
NC_051815.1	72532281	72586362	LOC106559529/LOC119873989	atac_mean	1.1828022860613994	1.1827943206370175
NC_051815.1	72532281	72586362	LOC106559529/LOC119873989	atac_mean_percentile	0.8406666666666667	0.8363333333333334
NC_051815.1	72532281	72586362	LOC106559529/LOC119873989	atac_mean_narrow	1.1203763849198818	1.1203688385352493
NC_051815.1	72532281	72586362	LOC106559529/LOC119873989	atac_mean_narrow_percentile	0.7673333333333333	0.7586666666666667
NC_051815.1	72532281	72586362	LOC106559529/LOC119873989	atac_variability	0.06349111822112961	0.06349111900514476
NC_051815.1	74432972	74494463	LOC111097897/LOC119874053	atac_mean	1.1922060874605203	1.1941400328117227
NC_051815.1	74432972	74494463	LOC111097897/LOC119874053	atac_mean_percentile	0.8506666666666667	0.8486666666666667
NC_051815.1	74432972	74494463	LOC111097897/LOC119874053	atac_mean_narrow	1.1966394486308098	1.2026446126184271
NC_051815.1	74432972	74494463	LOC111097897/LOC119874053	atac_mean_narrow_percentile	0.8423333333333334	0.8436666666666667
NC_051815.1	74432972	74494463	LOC111097897/LOC119874053	atac_variability	0.06190347103750707	0.061903471652392135
NC_051816.1	729204	780179	LOC100684529/LOC119874351	atac_mean	1.1613315238445163	1.164751119243647
NC_051816.1	729204	780179	LOC100684529/LOC119874351	atac_mean_percentile	0.819	0.8193333333333334
NC_051816.1	729204	780179	LOC100684529/LOC119874351	atac_mean_narrow	1.2132081376314163	1.2223677225257048
NC_051816.1	729204	780179	LOC100684529/LOC119874351	atac_mean_narrow_percentile	0.8553333333333333	0.859
NC_051816.1	729204	780179	LOC100684529/LOC119874351	atac_variability	0.06075322441830239	0.06075322466670408
NC_051816.1	888522	959052	MUC21/LOC119876866	atac_mean	1.0858129217777035	1.1010260872345226
NC_051816.1	888522	959052	MUC21/LOC119876866	atac_mean_percentile	0.721	0.7313333333333333
NC_051816.1	888522	959052	MUC21/LOC119876866	atac_mean_narrow	1.0895530408814549	1.089545701815188
NC_051816.1	888522	959052	MUC21/LOC119876866	atac_mean_narrow_percentile	0.7253333333333334	0.7146666666666667
NC_051816.1	888522	959052	MUC21/LOC119876866	atac_variability	0.055974031176091926	0.055974031429740244
NC_051816.1	888522	959052	MUC21/LOC119876866	score_stability_atac	0.297	0.2973
NC_051816.1	888522	959052	MUC21/LOC119876866	final_score	0.4868	0.4869
NC_051816.1	2021125	2084815	LOC119881685/TSBP1	atac_mean	0.522950570261222	0.7911282044673901
NC_051816.1	2021125	2084815	LOC119881685/TSBP1	atac_mean_percentile	0.01633333333333333	0.009333333333333334
NC_051816.1	2021125	2084815	LOC119881685/TSBP1	atac_mean_narrow	0.6273056239113212	0.7594447872910387
NC_051816.1	2021125	2084815	LOC119881685/TSBP1	atac_mean_narrow_percentile	0.03	0.009
NC_051816.1	2021125	2084815	LOC119881685/TSBP1	atac_variability	0.03571038762510895	0.03571038716782155
NC_051816.1	5010995	5063926	LOC608284/FKBP5	atac_mean	1.016364172467279	1.0280103513724699
NC_051816.1	5010995	5063926	LOC608284/FKBP5	atac_mean_percentile	0.5573333333333333	0.5676666666666667
NC_051816.1	5010995	5063926	LOC608284/FKBP5	atac_mean_narrow	0.96282002504915	0.9887687195058965
NC_051816.1	5010995	5063926	LOC608284/FKBP5	atac_mean_narrow_percentile	0.38266666666666665	0.464
NC_051816.1	5010995	5063926	LOC608284/FKBP5	atac_variability	0.05266180666251495	0.05266180678681462
NC_051816.1	5010995	5063926	LOC608284/FKBP5	score_stability_atac	0.455	0.4553
NC_051816.1	5010995	5063926	LOC608284/FKBP5	final_score	0.3394	0.3395
NC_051816.1	10056117	10121857	LOC111098152/LOC119874267	veto_low_atac_accessibility	True	False
NC_051816.1	10056117	10121857	LOC111098152/LOC119874267	atac_mean	1.0690704347067668	1.0735540669234163
NC_051816.1	10056117	10121857	LOC111098152/LOC119874267	atac_mean_percentile	0.692	0.684
NC_051816.1	10056117	10121857	LOC111098152/LOC119874267	atac_mean_narrow	1.003515615108609	1.0174994711927285
NC_051816.1	10056117	10121857	LOC111098152/LOC119874267	atac_mean_narrow_percentile	0.539	0.5683333333333334
NC_051816.1	10056117	10121857	LOC111098152/LOC119874267	atac_variability	0.054611485885164866	0.05461148630197946
NC_051816.1	13571280	13642018	LOC111098270/SUPT3H	atac_mean	1.0586614900350322	1.059028636477711
NC_051816.1	13571280	13642018	LOC111098270/SUPT3H	atac_mean_percentile	0.6696666666666666	0.6553333333333333
NC_051816.1	13571280	13642018	LOC111098270/SUPT3H	atac_mean_narrow	1.0540243024423719	1.0553363689552708
NC_051816.1	13571280	13642018	LOC111098270/SUPT3H	atac_mean_narrow_percentile	0.6663333333333333	0.6566666666666666
NC_051816.1	13571280	13642018	LOC111098270/SUPT3H	atac_variability	0.054274246963876185	0.05427424701489023
NC_051816.1	13571280	13642018	LOC111098270/SUPT3H	final_score_percentile	24.7	24.9
NC_051816.1	16360664	16416333	OPN5/LOC119876862	atac_mean	0.9321284396931414	0.9363270447126796
NC_051816.1	16360664	16416333	OPN5/LOC119876862	atac_mean_percentile	0.229	0.212
NC_051816.1	16360664	16416333	OPN5/LOC119876862	atac_mean_narrow	0.936859294295311	0.9368529825136066
NC_051816.1	16360664	16416333	OPN5/LOC119876862	atac_mean_narrow_percentile	0.258	0.231
NC_051816.1	16360664	16416333	OPN5/LOC119876862	atac_variability	0.049683865788107746	0.04968386579622828
NC_051816.1	16360664	16416333	OPN5/LOC119876862	score_stability_atac	0.7623	0.762
NC_051816.1	16360664	16416333	OPN5/LOC119876862	final_score	0.5767	0.5766
NC_051816.1	16360664	16416333	OPN5/LOC119876862	final_score_percentile	85.7	85.5
NC_051816.1	25815845	25884245	LOC111098165/LOC111098166	atac_mean	0.9327713703344527	0.9337889776010021
NC_051816.1	25815845	25884245	LOC111098165/LOC111098166	atac_mean_percentile	0.231	0.202
NC_051816.1	25815845	25884245	LOC111098165/LOC111098166	atac_mean_narrow	0.9138533794097602	0.9138472207337618
NC_051816.1	25815845	25884245	LOC111098165/LOC111098166	atac_mean_narrow_percentile	0.154	0.12366666666666666
NC_051816.1	25815845	25884245	LOC111098165/LOC111098166	atac_variability	0.04980850647628756	0.04980850655669664
NC_051816.1	25815845	25884245	LOC111098165/LOC111098166	score_stability_atac	0.7453	0.745
NC_051816.1	25815845	25884245	LOC111098165/LOC111098166	final_score	0.6605	0.6604
NC_051816.1	40263604	40321877	LOC100855752/LOC111098325	atac_mean	0.9146743437100031	0.9194014274507806
NC_051816.1	40263604	40321877	LOC100855752/LOC111098325	atac_mean_percentile	0.148	0.12533333333333332
NC_051816.1	40263604	40321877	LOC100855752/LOC111098325	atac_mean_narrow	0.912442696198821	0.9124365491680801
NC_051816.1	40263604	40321877	LOC100855752/LOC111098325	atac_mean_narrow_percentile	0.15	0.11733333333333333
NC_051816.1	40263604	40321877	LOC100855752/LOC111098325	atac_variability	0.0490830432892203	0.049083043429406926
NC_051816.1	40263604	40321877	LOC100855752/LOC111098325	score_stability_atac	0.8423	0.842
NC_051816.1	41991512	42044662	BCKDHB/LOC102155357	atac_mean	0.9788449793055948	0.9843947043707603
NC_051816.1	41991512	42044662	BCKDHB/LOC102155357	atac_mean_percentile	0.43266666666666664	0.43
NC_051816.1	41991512	42044662	BCKDHB/LOC102155357	atac_mean_narrow	0.9682219137042761	0.968215389084816
NC_051816.1	41991512	42044662	BCKDHB/LOC102155357	atac_mean_narrow_percentile	0.4063333333333333	0.384
NC_051816.1	41991512	42044662	BCKDHB/LOC102155357	atac_variability	0.05161068602550483	0.05161068630468038
NC_051816.1	41991512	42044662	BCKDHB/LOC102155357	final_score_percentile	59.7	59.9
NC_051816.1	47327902	47386565	HTR1E/CGA	atac_mean	1.0123261918142803	1.0123193739773808
NC_051816.1	47327902	47386565	HTR1E/CGA	atac_mean_percentile	0.546	0.527
NC_051816.1	47327902	47386565	HTR1E/CGA	atac_mean_narrow	1.0219309163153172	1.0219240350991488
NC_051816.1	47327902	47386565	HTR1E/CGA	atac_mean_narrow_percentile	0.596	0.5823333333333334
NC_051816.1	47327902	47386565	HTR1E/CGA	atac_variability	0.05301172808522657	0.05301172826303563
NC_051816.1	48272208	48342011	SPACA1/CNR1	atac_mean	0.9607978354164289	0.9611355928263854
NC_051816.1	48272208	48342011	SPACA1/CNR1	atac_mean_percentile	0.366	0.3373333333333333
NC_051816.1	48272208	48342011	SPACA1/CNR1	atac_mean_narrow	0.9392533838421107	0.9392470549702644
NC_051816.1	48272208	48342011	SPACA1/CNR1	atac_mean_narrow_percentile	0.269	0.24233333333333335
NC_051816.1	48272208	48342011	SPACA1/CNR1	atac_variability	0.04982462819416777	0.04982462824907707
NC_051816.1	48272208	48342011	SPACA1/CNR1	score_stability_atac	0.742	0.7417
NC_051816.1	48272208	48342011	SPACA1/CNR1	final_score	0.6598	0.6597
NC_051816.1	48393708	48452461	LOC111098352/LOC119874280	atac_mean	0.9241996649501496	0.9389765707718875
NC_051816.1	48393708	48452461	LOC111098352/LOC119874280	atac_mean_percentile	0.18966666666666668	0.225
NC_051816.1	48393708	48452461	LOC111098352/LOC119874280	atac_mean_narrow	0.9332914190977811	0.9332851297169924
NC_051816.1	48393708	48452461	LOC111098352/LOC119874280	atac_mean_narrow_percentile	0.24266666666666667	0.21766666666666667
NC_051816.1	48393708	48452461	LOC111098352/LOC119874280	atac_variability	0.04967891589791282	0.049678916054798544
NC_051816.1	48393708	48452461	LOC111098352/LOC119874280	score_stability_atac	0.763	0.7627
NC_051816.1	48393708	48452461	LOC111098352/LOC119874280	final_score	0.5339	0.5338
NC_051816.1	53806181	53865232	LOC100684677/LOC100687875	atac_mean	0.9100688045935248	0.9127676978740722
NC_051816.1	53806181	53865232	LOC100684677/LOC100687875	atac_mean_percentile	0.13066666666666665	0.09633333333333334
NC_051816.1	53806181	53865232	LOC100684677/LOC100687875	atac_mean_narrow	0.9310023971959949	0.9309961238607765
NC_051816.1	53806181	53865232	LOC100684677/LOC100687875	atac_mean_narrow_percentile	0.22833333333333333	0.202
NC_051816.1	53806181	53865232	LOC100684677/LOC100687875	atac_variability	0.04842646997328256	0.04842647013359555
NC_051816.1	64340623	64411071	PRDM1/ATG5	atac_mean	1.2501710252842693	1.2510505300692027
NC_051816.1	64340623	64411071	PRDM1/ATG5	atac_mean_percentile	0.897	0.8956666666666667
NC_051816.1	64340623	64411071	PRDM1/ATG5	atac_mean_narrow	1.3107331083372236	1.3123647384231767
NC_051816.1	64340623	64411071	PRDM1/ATG5	atac_mean_narrow_percentile	0.9096666666666666	0.9083333333333333
NC_051816.1	64340623	64411071	PRDM1/ATG5	atac_variability	0.0671933295446328	0.06719332989642872
NC_051816.1	67608124	67672326	GPR6/LOC111098188	atac_mean	1.0339077938482555	1.03713166624357
NC_051816.1	67608124	67672326	GPR6/LOC111098188	atac_mean_percentile	0.606	0.597
NC_051816.1	67608124	67672326	GPR6/LOC111098188	atac_mean_narrow	0.9902356161922217	0.9902289427816868
NC_051816.1	67608124	67672326	GPR6/LOC111098188	atac_mean_narrow_percentile	0.487	0.4713333333333333
NC_051816.1	67608124	67672326	GPR6/LOC111098188	atac_variability	0.054044191155004646	0.0540441914637337
NC_051816.1	70866191	70918704	MARCKS/LOC106559557	atac_mean	1.0276892667494855	1.0491598224170824
NC_051816.1	70866191	70918704	MARCKS/LOC106559557	atac_mean_percentile	0.584	0.6316666666666667
NC_051816.1	70866191	70918704	MARCKS/LOC106559557	atac_mean_narrow	1.0606753142863512	1.094883271648038
NC_051816.1	70866191	70918704	MARCKS/LOC106559557	atac_mean_narrow_percentile	0.6786666666666666	0.7213333333333334
NC_051816.1	70866191	70918704	MARCKS/LOC106559557	atac_variability	0.05576765806062457	0.055767658166805685
NC_051816.1	70866191	70918704	MARCKS/LOC106559557	score_stability_atac	0.3043	0.305
NC_051816.1	70866191	70918704	MARCKS/LOC106559557	final_score	0.3544	0.3545
NC_051816.1	72343871	72396378	LOC119874236/LOC111098409	atac_mean	1.065327391773363	1.0653202138907987
NC_051816.1	72343871	72396378	LOC119874236/LOC111098409	atac_mean_percentile	0.6843333333333333	0.67
NC_051816.1	72343871	72396378	LOC119874236/LOC111098409	atac_mean_narrow	1.0251016266256572	1.0250947211325168
NC_051816.1	72343871	72396378	LOC119874236/LOC111098409	atac_mean_narrow_percentile	0.6033333333333334	0.5906666666666667
NC_051816.1	72343871	72396378	LOC119874236/LOC111098409	atac_variability	0.05520696106166368	0.05520696135317536
NC_051816.1	72343871	72396378	LOC119874236/LOC111098409	score_stability_atac	0.3293	0.329
NC_051816.1	73372682	73425689	LOC111098416/PSMB1	atac_mean	1.2210381705624063	1.2244950409271094
NC_051816.1	73372682	73425689	LOC111098416/PSMB1	atac_mean_percentile	0.8723333333333333	0.872
NC_051816.1	73372682	73425689	LOC111098416/PSMB1	atac_mean_narrow	1.227286328393966	1.2288140794176035
NC_051816.1	73372682	73425689	LOC111098416/PSMB1	atac_mean_narrow_percentile	0.8683333333333333	0.8646666666666667
NC_051816.1	73372682	73425689	LOC111098416/PSMB1	atac_variability	0.0637956836846463	0.06379568428193942
NC_051817.1	670319	729017	LOC111098485/LOC111098432	atac_mean	1.0191919474599673	1.023544448041101
NC_051817.1	670319	729017	LOC111098485/LOC111098432	atac_mean_percentile	0.5633333333333334	0.5553333333333333
NC_051817.1	670319	729017	LOC111098485/LOC111098432	atac_mean_narrow	1.0071776173621416	1.0071708317860961
NC_051817.1	670319	729017	LOC111098485/LOC111098432	atac_mean_narrow_percentile	0.5486666666666666	0.5306666666666666
NC_051817.1	670319	729017	LOC111098485/LOC111098432	atac_variability	0.051941977014536164	0.051941977197516656
NC_051817.1	2762900	2833447	LOC119876950/LOC119864717	atac_mean	1.104043010933025	1.1059952528958363
NC_051817.1	2762900	2833447	LOC119876950/LOC119864717	atac_mean_percentile	0.7493333333333333	0.7406666666666667
NC_051817.1	2762900	2833447	LOC119876950/LOC119864717	atac_mean_narrow	1.123811056689918	1.1238034865289928
NC_051817.1	2762900	2833447	LOC119876950/LOC119864717	atac_mean_narrow_percentile	0.7723333333333333	0.7626666666666667
NC_051817.1	2762900	2833447	LOC119876950/LOC119864717	atac_variability	0.057263310918289026	0.05726331126005562
NC_051817.1	8064988	8132108	LOC111098516/LOC119865560	atac_mean	0.9323555228201599	0.9323492400259383
NC_051817.1	8064988	8132108	LOC111098516/LOC119865560	atac_mean_percentile	0.22933333333333333	0.193
NC_051817.1	8064988	8132108	LOC111098516/LOC119865560	atac_mean_narrow	0.9466598294615746	0.9466534512773156
NC_051817.1	8064988	8132108	LOC111098516/LOC119865560	atac_mean_narrow_percentile	0.30666666666666664	0.283
NC_051817.1	8064988	8132108	LOC111098516/LOC119865560	atac_variability	0.04917518369094785	0.0491751837030334
NC_051817.1	8580007	8642797	LOC111098518/LOC111098519	atac_mean	0.9169601210715912	0.9235729551579197
NC_051817.1	8580007	8642797	LOC111098518/LOC111098519	atac_mean_percentile	0.156	0.145
NC_051817.1	8580007	8642797	LOC111098518/LOC111098519	atac_mean_narrow	0.9516830477520823	0.9516766351595521
NC_051817.1	8580007	8642797	LOC111098518/LOC111098519	atac_mean_narrow_percentile	0.328	0.306
NC_051817.1	8580007	8642797	LOC111098518/LOC111098519	atac_variability	0.04895154453325442	0.048951544642442654
NC_051817.1	8580007	8642797	LOC111098518/LOC111098519	score_stability_atac	0.8573	0.857
NC_051817.1	10033333	10096852	MIR8836/NUDCD1	atac_mean	0.9652891615708451	0.9652826573991958
NC_051817.1	10033333	10096852	MIR8836/NUDCD1	atac_mean_percentile	0.38433333333333336	0.35633333333333334
NC_051817.1	10033333	10096852	MIR8836/NUDCD1	atac_mean_narrow	1.0356286934554577	1.0356217137873174
NC_051817.1	10033333	10096852	MIR8836/NUDCD1	atac_mean_narrow_percentile	0.6303333333333333	0.6163333333333333
NC_051817.1	10033333	10096852	MIR8836/NUDCD1	atac_variability	0.050496231364345556	0.05049623168644708
NC_051817.1	10033333	10096852	MIR8836/NUDCD1	score_stability_atac	0.653	0.6523
NC_051817.1	10033333	10096852	MIR8836/NUDCD1	final_score	0.446	0.4458
NC_051817.1	10033333	10096852	MIR8836/NUDCD1	final_score_percentile	49.2	49.0
NC_051817.1	12626538	12686868	LOC106559613/CSMD3	atac_mean	0.8414976226642281	0.870344754781452
NC_051817.1	12626538	12686868	LOC106559613/CSMD3	atac_mean_percentile	0.045	0.025666666666666667
NC_051817.1	12626538	12686868	LOC106559613/CSMD3	atac_mean_narrow	0.7782443112909794	0.851698024199534
NC_051817.1	12626538	12686868	LOC106559613/CSMD3	atac_mean_narrow_percentile	0.04466666666666667	0.028
NC_051817.1	12626538	12686868	LOC106559613/CSMD3	atac_variability	0.04708953278328017	0.04708953294622482
NC_051817.1	12626538	12686868	LOC106559613/CSMD3	final_score_percentile	97.0	96.7
NC_051817.1	16507341	16565029	UTP23/LOC100687037	atac_mean	0.9730539310740591	0.9738914777380542
NC_051817.1	16507341	16565029	UTP23/LOC100687037	atac_mean_percentile	0.4116666666666667	0.389
NC_051817.1	16507341	16565029	UTP23/LOC100687037	atac_mean_narrow	0.9877357893809676	0.9889653422731034
NC_051817.1	16507341	16565029	UTP23/LOC100687037	atac_mean_narrow_percentile	0.478	0.4643333333333333
NC_051817.1	16507341	16565029	UTP23/LOC100687037	atac_variability	0.051001938933652194	0.051001939050041245
NC_051817.1	16507341	16565029	UTP23/LOC100687037	score_stability_atac	0.595	0.5953
NC_051817.1	24350676	24411685	LOC119865453/LOC102151612	atac_mean	0.9639757620924667	0.9643644394107954
NC_051817.1	24350676	24411685	LOC119865453/LOC102151612	atac_mean_percentile	0.37833333333333335	0.3516666666666667
NC_051817.1	24350676	24411685	LOC119865453/LOC102151612	atac_mean_narrow	0.934066072307527	0.9340597776696086
NC_051817.1	24350676	24411685	LOC119865453/LOC102151612	atac_mean_narrow_percentile	0.247	0.22
NC_051817.1	24350676	24411685	LOC119865453/LOC102151612	atac_variability	0.0500588668022496	0.05005886691435848
NC_051817.1	24350676	24411685	LOC119865453/LOC102151612	score_stability_atac	0.7093	0.71
NC_051817.1	24350676	24411685	LOC119865453/LOC102151612	final_score	0.5028	0.503
NC_051817.1	28001742	28068918	LOC111098451/ADCY8	veto_low_atac_accessibility	False	True
NC_051817.1	28001742	28068918	LOC111098451/ADCY8	atac_mean	1.0873349300143484	1.0885429292616569
NC_051817.1	28001742	28068918	LOC111098451/ADCY8	atac_mean_percentile	0.724	0.716
NC_051817.1	28001742	28068918	LOC111098451/ADCY8	atac_mean_narrow	1.0093178817629813	1.0093110816180706
NC_051817.1	28001742	28068918	LOC111098451/ADCY8	atac_mean_narrow_percentile	0.5563333333333333	0.5396666666666666
NC_051817.1	28001742	28068918	LOC111098451/ADCY8	atac_variability	0.055531606840217344	0.055531607045882794
NC_051817.1	28001742	28068918	LOC111098451/ADCY8	score_stability_atac	0.3153	0.315
NC_051817.1	29429036	29482883	LOC102153335/LRRC6	atac_mean	1.094589110216944	1.0950901645620656
NC_051817.1	29429036	29482883	LOC102153335/LRRC6	atac_mean_percentile	0.7353333333333333	0.7243333333333334
NC_051817.1	29429036	29482883	LOC102153335/LRRC6	atac_mean_narrow	1.1098183516278863	1.1111998756671877
NC_051817.1	29429036	29482883	LOC102153335/LRRC6	atac_mean_narrow_percentile	0.7526666666666667	0.7466666666666667
NC_051817.1	29429036	29482883	LOC102153335/LRRC6	atac_variability	0.056564946377764165	0.05656494672364635
NC_051817.1	29429036	29482883	LOC102153335/LRRC6	final_score_percentile	24.3	24.5
NC_051817.1	42409351	42467972	LOC119865519/LOC119865447	atac_mean	0.8564127675085866	0.889406416381047
NC_051817.1	42409351	42467972	LOC119865519/LOC119865447	atac_mean_percentile	0.051	0.044
NC_051817.1	42409351	42467972	LOC119865519/LOC119865447	atac_mean_narrow	0.7621627372391522	0.8492006716074053
NC_051817.1	42409351	42467972	LOC119865519/LOC119865447	atac_mean_narrow_percentile	0.043333333333333335	0.027333333333333334
NC_051817.1	42409351	42467972	LOC119865519/LOC119865447	atac_variability	0.04831171241498432	0.048311712494991145
NC_051817.1	42409351	42467972	LOC119865519/LOC119865447	score_stability_atac	0.9237	0.9233
NC_051817.1	42409351	42467972	LOC119865519/LOC119865447	final_score	0.6578	0.6577
NC_051817.1	50196685	50266401	LOC100683751/LOC100683821	atac_mean	0.7983380096499492	0.9491227440050667
NC_051817.1	50196685	50266401	LOC100683751/LOC100683821	atac_mean_percentile	0.036333333333333336	0.278
NC_051817.1	50196685	50266401	LOC100683751/LOC100683821	atac_mean_narrow	0.9439376172870397	0.9439312583535909
NC_051817.1	50196685	50266401	LOC100683751/LOC100683821	atac_mean_narrow_percentile	0.294	0.268
NC_051817.1	50196685	50266401	LOC100683751/LOC100683821	atac_variability	0.05000743463756989	0.05000743491543111
NC_051817.1	50196685	50266401	LOC100683751/LOC100683821	score_stability_atac	0.716	0.7163
NC_051817.1	50196685	50266401	LOC100683751/LOC100683821	final_score	0.5266	0.5267
NC_051818.1	5712360	5767938	LOC102155278/LOC119867007	atac_mean	1.2921133938561613	1.2921046899747108
NC_051818.1	5712360	5767938	LOC102155278/LOC119867007	atac_mean_percentile	0.9216666666666666	0.9206666666666666
NC_051818.1	5712360	5767938	LOC102155278/LOC119867007	atac_mean_narrow	1.3383078721642494	1.338298855650425
NC_051818.1	5712360	5767938	LOC102155278/LOC119867007	atac_mean_narrow_percentile	0.9193333333333333	0.918
NC_051818.1	5712360	5767938	LOC102155278/LOC119867007	atac_variability	0.06631632606043139	0.06631632660754863
NC_051818.1	9869905	9920386	LOC119865745/LOC100688839	atac_mean	0.9209190079607423	0.9209128031503998
NC_051818.1	9869905	9920386	LOC119865745/LOC100688839	atac_mean_percentile	0.173	0.13266666666666665
NC_051818.1	9869905	9920386	LOC119865745/LOC100688839	atac_mean_narrow	0.9218493790626526	0.9218431681990623
NC_051818.1	9869905	9920386	LOC119865745/LOC100688839	atac_mean_narrow_percentile	0.186	0.157
NC_051818.1	9869905	9920386	LOC119865745/LOC100688839	atac_variability	0.04926703973961254	0.049267039943326096
NC_051818.1	9869905	9920386	LOC119865745/LOC100688839	score_stability_atac	0.821	0.8207
NC_051818.1	9869905	9920386	LOC119865745/LOC100688839	final_score	0.593	0.5929
NC_051818.1	14495427	14554191	LOC119874506/TEX47	atac_mean	0.9345682741619343	0.9373534284184268
NC_051818.1	14495427	14554191	LOC119874506/TEX47	atac_mean_percentile	0.242	0.21733333333333332
NC_051818.1	14495427	14554191	LOC119874506/TEX47	atac_mean_narrow	0.9450404708191752	0.9533761437844208
NC_051818.1	14495427	14554191	LOC119874506/TEX47	atac_mean_narrow_percentile	0.298	0.311
NC_051818.1	14495427	14554191	LOC119874506/TEX47	atac_variability	0.04952183500313861	0.049521835128377704
NC_051818.1	14495427	14554191	LOC119874506/TEX47	score_stability_atac	0.786	0.785
NC_051818.1	14495427	14554191	LOC119874506/TEX47	final_score	0.5008	0.5006
NC_051818.1	19245636	19304857	GNG11/BET1	atac_mean	0.9646970912479738	0.9650980048928782
NC_051818.1	19245636	19304857	GNG11/BET1	atac_mean_percentile	0.382	0.3556666666666667
NC_051818.1	19245636	19304857	GNG11/BET1	atac_mean_narrow	0.9464900438912213	0.9464836643435061
NC_051818.1	19245636	19304857	GNG11/BET1	atac_mean_narrow_percentile	0.30533333333333335	0.2816666666666667
NC_051818.1	19245636	19304857	GNG11/BET1	atac_variability	0.05074037254260769	0.05074037281951184
NC_051818.1	43701564	43775013	ADCYAP1R1/LOC102154587	atac_mean	1.0245210173800376	1.0245141159774973
NC_051818.1	43701564	43775013	ADCYAP1R1/LOC102154587	atac_mean_percentile	0.5756666666666667	0.5573333333333333
NC_051818.1	43701564	43775013	ADCYAP1R1/LOC102154587	atac_mean_narrow	1.0422720192462205	1.0422649957060814
NC_051818.1	43701564	43775013	ADCYAP1R1/LOC102154587	atac_mean_narrow_percentile	0.6413333333333333	0.6303333333333333
NC_051818.1	43701564	43775013	ADCYAP1R1/LOC102154587	atac_variability	0.052799102555109396	0.05279910292039062
NC_051818.1	43701564	43775013	ADCYAP1R1/LOC102154587	score_stability_atac	0.448	0.4483
NC_051818.1	47079968	47131672	LOC119867666/LOC111098822	atac_mean	1.0788499182480675	1.0793645463452952
NC_051818.1	47079968	47131672	LOC119867666/LOC111098822	atac_mean_percentile	0.7073333333333334	0.6956666666666667
NC_051818.1	47079968	47131672	LOC119867666/LOC111098822	atac_mean_narrow	1.0954916177168488	1.0954842379838228
NC_051818.1	47079968	47131672	LOC119867666/LOC111098822	atac_mean_narrow_percentile	0.7313333333333333	0.7216666666666667
NC_051818.1	47079968	47131672	LOC119867666/LOC111098822	atac_variability	0.055611941372518396	0.05561194180026255
NC_051818.1	60626704	60697896	LOC119866869/SLC13A1	atac_mean	1.1363684767508693	1.1383595712961938
NC_051818.1	60626704	60697896	LOC119866869/SLC13A1	atac_mean_percentile	0.7916666666666666	0.7856666666666666
NC_051818.1	60626704	60697896	LOC119866869/SLC13A1	atac_mean_narrow	1.1790866688638926	1.1790787279605865
NC_051818.1	60626704	60697896	LOC119866869/SLC13A1	atac_mean_narrow_percentile	0.829	0.823
NC_051818.1	60626704	60697896	LOC119866869/SLC13A1	atac_variability	0.05801887641166782	0.05801887692549282
NC_051819.1	3753627	3825487	LOC119869470/LOC119881733	atac_mean	1.193997978740272	1.19398993436582
NC_051819.1	3753627	3825487	LOC119869470/LOC119881733	atac_mean_percentile	0.8526666666666667	0.8486666666666667
NC_051819.1	3753627	3825487	LOC119869470/LOC119881733	atac_mean_narrow	1.102283133740723	1.1022757082223893
NC_051819.1	3753627	3825487	LOC119869470/LOC119881733	atac_mean_narrow_percentile	0.7443333333333333	0.735
NC_051819.1	3753627	3825487	LOC119869470/LOC119881733	atac_variability	0.06210945403418453	0.06210945417107281
NC_051819.1	4205082	4273748	LOC111098951/LOC102151429	atac_mean	1.1469167633126933	1.1481631114672457
NC_051819.1	4205082	4273748	LOC111098951/LOC102151429	atac_mean_percentile	0.7986666666666666	0.795
NC_051819.1	4205082	4273748	LOC111098951/LOC102151429	atac_mean_narrow	1.1851099424660205	1.1851019566506147
NC_051819.1	4205082	4273748	LOC111098951/LOC102151429	atac_mean_narrow_percentile	0.833	0.828
NC_051819.1	4205082	4273748	LOC111098951/LOC102151429	atac_variability	0.058801715616094895	0.0588017158281066
NC_051819.1	4205082	4273748	LOC111098951/LOC102151429	score_stability_atac	0.2243	0.2247
NC_051819.1	4205082	4273748	LOC111098951/LOC102151429	final_score	0.4967	0.4968
NC_051819.1	4205082	4273748	LOC111098951/LOC102151429	final_score_percentile	66.2	66.4
NC_051819.1	20314140	20377667	LOC119869464/LOC119869379	atac_mean	0.9472477555648858	0.9472413755426597
NC_051819.1	20314140	20377667	LOC119869464/LOC119869379	atac_mean_percentile	0.304	0.26566666666666666
NC_051819.1	20314140	20377667	LOC119869464/LOC119869379	atac_mean_narrow	0.934672053873539	0.9346657598838211
NC_051819.1	20314140	20377667	LOC119869464/LOC119869379	atac_mean_narrow_percentile	0.24933333333333332	0.22333333333333333
NC_051819.1	20314140	20377667	LOC119869464/LOC119869379	atac_variability	0.049399029541731795	0.049399029805825716
NC_051819.1	23412529	23465999	MYF5/LIN7A	atac_mean	0.9756207117942175	0.9815803572660287
NC_051819.1	23412529	23465999	MYF5/LIN7A	atac_mean_percentile	0.42033333333333334	0.41733333333333333
NC_051819.1	23412529	23465999	MYF5/LIN7A	atac_mean_narrow	0.9753290304027498	0.9914332521764568
NC_051819.1	23412529	23465999	MYF5/LIN7A	atac_mean_narrow_percentile	0.436	0.47633333333333333
NC_051819.1	23412529	23465999	MYF5/LIN7A	atac_variability	0.051947266414012906	0.051947266712854295
NC_051819.1	23412529	23465999	MYF5/LIN7A	score_stability_atac	0.5053	0.506
NC_051819.1	23412529	23465999	MYF5/LIN7A	final_score	0.5107	0.5108
NC_051819.1	23412529	23465999	MYF5/LIN7A	final_score_percentile	70.7	70.9
NC_051819.1	27740518	27794146	LOC102154855/LOC100683898	atac_mean	0.9434866585732706	0.9452428947736099
NC_051819.1	27740518	27794146	LOC102154855/LOC100683898	atac_mean_percentile	0.2843333333333333	0.25866666666666666
NC_051819.1	27740518	27794146	LOC102154855/LOC100683898	atac_mean_narrow	0.9570094704657793	0.9570030230090022
NC_051819.1	27740518	27794146	LOC102154855/LOC100683898	atac_mean_narrow_percentile	0.3486666666666667	0.3263333333333333
NC_051819.1	27740518	27794146	LOC102154855/LOC100683898	atac_variability	0.049538935936975274	0.049538935974435164
NC_051819.1	27740518	27794146	LOC102154855/LOC100683898	score_stability_atac	0.7833	0.7823
NC_051819.1	27740518	27794146	LOC102154855/LOC100683898	final_score	0.5354	0.5352
NC_051819.1	27740518	27794146	LOC102154855/LOC100683898	final_score_percentile	79.2	78.7
NC_051819.1	27864256	27917940	LOC111090020/RASSF9	atac_mean	0.9275881823255838	0.9288796387428949
NC_051819.1	27864256	27917940	LOC111090020/RASSF9	atac_mean_percentile	0.205	0.17466666666666666
NC_051819.1	27864256	27917940	LOC111090020/RASSF9	atac_mean_narrow	0.9502066626489163	0.9502002624318003
NC_051819.1	27864256	27917940	LOC111090020/RASSF9	atac_mean_narrow_percentile	0.32233333333333336	0.30033333333333334
NC_051819.1	27864256	27917940	LOC111090020/RASSF9	atac_variability	0.04897200163756105	0.04897200185237726
NC_051819.1	27864256	27917940	LOC111090020/RASSF9	score_stability_atac	0.8557	0.8553
NC_051819.1	27864256	27917940	LOC111090020/RASSF9	final_score	0.4716	0.4715
NC_051819.1	29615719	29672503	LOC111098932/LOC111098894	atac_mean	0.9298701667095379	0.9298639016422223
NC_051819.1	29615719	29672503	LOC111098932/LOC111098894	atac_mean_percentile	0.219	0.17833333333333334
NC_051819.1	29615719	29672503	LOC111098932/LOC111098894	atac_mean_narrow	0.9660173814877868	0.9660108722239733
NC_051819.1	29615719	29672503	LOC111098932/LOC111098894	atac_mean_narrow_percentile	0.395	0.37333333333333335
NC_051819.1	29615719	29672503	LOC111098932/LOC111098894	atac_variability	0.048438090090072244	0.04843809021477584
NC_051819.1	29615719	29672503	LOC111098932/LOC111098894	score_stability_atac	0.9133	0.9137
NC_051819.1	30913325	30967876	LOC119869342/DUSP6	atac_mean	1.1162758351368802	1.1250333090802167
NC_051819.1	30913325	30967876	LOC119869342/DUSP6	atac_mean_percentile	0.7696666666666667	0.7703333333333333
NC_051819.1	30913325	30967876	LOC119869342/DUSP6	atac_mean_narrow	1.0576406482979654	1.0669695050614179
NC_051819.1	30913325	30967876	LOC119869342/DUSP6	atac_mean_narrow_percentile	0.6733333333333333	0.68
NC_051819.1	30913325	30967876	LOC119869342/DUSP6	atac_variability	0.059737815810034435	0.05973781632433918
NC_051819.1	30913325	30967876	LOC119869342/DUSP6	score_stability_atac	0.2027	0.203
NC_051819.1	30913325	30967876	LOC119869342/DUSP6	final_score	0.3791	0.3792
NC_051819.1	32255898	32317043	LOC111090028/CCER1	atac_mean	0.9837633388958185	0.9882011529295065
NC_051819.1	32255898	32317043	LOC111090028/CCER1	atac_mean_percentile	0.45266666666666666	0.443
NC_051819.1	32255898	32317043	LOC111090028/CCER1	atac_mean_narrow	1.0065674738585948	1.006560691639781
NC_051819.1	32255898	32317043	LOC111090028/CCER1	atac_mean_narrow_percentile	0.5446666666666666	0.5266666666666666
NC_051819.1	32255898	32317043	LOC111090028/CCER1	atac_variability	0.05220740676873816	0.0522074069233543
NC_051819.1	35221213	35288244	LOC119869290/TMCC3	atac_mean	1.0805794426775124	1.1065728555063974
NC_051819.1	35221213	35288244	LOC119869290/TMCC3	atac_mean_percentile	0.71	0.742
NC_051819.1	35221213	35288244	LOC119869290/TMCC3	atac_mean_narrow	1.1305645598351954	1.1305569460049272
NC_051819.1	35221213	35288244	LOC119869290/TMCC3	atac_mean_narrow_percentile	0.7803333333333333	0.772
NC_051819.1	35221213	35288244	LOC119869290/TMCC3	atac_variability	0.05677709698228402	0.05677709741458469
NC_051819.1	50452875	50525877	LOC119869387/LOC111098915	atac_mean	1.0656692220405801	1.0656620405745216
NC_051819.1	50452875	50525877	LOC119869387/LOC111098915	atac_mean_percentile	0.6843333333333333	0.6703333333333333
NC_051819.1	50452875	50525877	LOC119869387/LOC111098915	atac_mean_narrow	1.090132756587863	1.090125412993133
NC_051819.1	50452875	50525877	LOC119869387/LOC111098915	atac_mean_narrow_percentile	0.7256666666666667	0.715
NC_051819.1	50452875	50525877	LOC119869387/LOC111098915	atac_variability	0.0534451799966833	0.053445180277878215
NC_051819.1	50452875	50525877	LOC119869387/LOC111098915	score_stability_atac	0.4113	0.411
NC_051819.1	50452875	50525877	LOC119869387/LOC111098915	final_score	0.364	0.3639
NC_051819.1	50452875	50525877	LOC119869387/LOC111098915	final_score_percentile	24.5	24.7
NC_051819.1	56330968	56393135	LOC119867837/LOC119869360	atac_mean	0.9493511286087252	0.9493447329968793
NC_051819.1	56330968	56393135	LOC119867837/LOC119869360	atac_mean_percentile	0.31466666666666665	0.2786666666666667
NC_051819.1	56330968	56393135	LOC119867837/LOC119869360	atac_mean_narrow	0.9312642507761717	0.9312579770624637
NC_051819.1	56330968	56393135	LOC119867837/LOC119869360	atac_mean_narrow_percentile	0.22933333333333333	0.20366666666666666
NC_051819.1	56330968	56393135	LOC119867837/LOC119869360	atac_variability	0.050231917303072963	0.05023191741463632
NC_051819.1	56330968	56393135	LOC119867837/LOC119869360	score_stability_atac	0.6867	0.687
NC_051820.1	1623305	1690052	PDIA4/LOC119869648	atac_mean	1.1923264403492295	1.1936596594748645
NC_051820.1	1623305	1690052	PDIA4/LOC119869648	atac_mean_percentile	0.8506666666666667	0.8483333333333334
NC_051820.1	1623305	1690052	PDIA4/LOC119869648	atac_mean_narrow	1.123683639461547	1.1279057180522527
NC_051820.1	1623305	1690052	PDIA4/LOC119869648	atac_mean_narrow_percentile	0.7713333333333333	0.7666666666666667
NC_051820.1	1623305	1690052	PDIA4/LOC119869648	atac_variability	0.06221890901095393	0.062218909354099294
NC_051820.1	12347409	12407429	LUZP6/LOC102156014	atac_mean	1.0788688241568993	1.1632463393252204
NC_051820.1	12347409	12407429	LUZP6/LOC102156014	atac_mean_percentile	0.7073333333333334	0.8173333333333334
NC_051820.1	12347409	12407429	LUZP6/LOC102156014	atac_mean_narrow	1.1754273264944552	1.1857951173310322
NC_051820.1	12347409	12407429	LUZP6/LOC102156014	atac_mean_narrow_percentile	0.8256666666666667	0.828
NC_051820.1	12347409	12407429	LUZP6/LOC102156014	atac_variability	0.06232852481354134	0.06232852535986485
NC_051820.1	12347409	12407429	LUZP6/LOC102156014	score_stability_atac	0.153	0.1527
NC_051820.1	12347409	12407429	LUZP6/LOC102156014	final_score	0.3955	0.3954
NC_051820.1	22590144	22660334	DYNC2I1/VIPR2	atac_mean	1.0898329938359455	1.0972511288785083
NC_051820.1	22590144	22660334	DYNC2I1/VIPR2	atac_mean_percentile	0.73	0.7266666666666667
NC_051820.1	22590144	22660334	DYNC2I1/VIPR2	atac_mean_narrow	1.1013206878706814	1.1138440090463073
NC_051820.1	22590144	22660334	DYNC2I1/VIPR2	atac_mean_narrow_percentile	0.7416666666666667	0.7503333333333333
NC_051820.1	22590144	22660334	DYNC2I1/VIPR2	atac_variability	0.05733223082190701	0.057332231040075524
NC_051820.1	22976673	23048542	LOC111090199/LOC100682550	atac_mean	1.0322754230453355	1.0326276734941313
NC_051820.1	22976673	23048542	LOC111090199/LOC100682550	atac_mean_percentile	0.6026666666666667	0.5833333333333334
NC_051820.1	22976673	23048542	LOC111090199/LOC100682550	atac_mean_narrow	1.1204873326271771	1.1204797857150435
NC_051820.1	22976673	23048542	LOC111090199/LOC100682550	atac_mean_narrow_percentile	0.7673333333333333	0.7586666666666667
NC_051820.1	22976673	23048542	LOC111090199/LOC100682550	atac_variability	0.05508197190778691	0.055081972216891005
NC_051820.1	35121001	35190439	LOC100686540/WRN	atac_mean	1.0132241553957622	1.0143128873282317
NC_051820.1	35121001	35190439	LOC100686540/WRN	atac_mean_percentile	0.5476666666666666	0.5333333333333333
NC_051820.1	35121001	35190439	LOC100686540/WRN	atac_mean_narrow	1.009036918003112	1.01155901617723
NC_051820.1	35121001	35190439	LOC100686540/WRN	atac_mean_narrow_percentile	0.5546666666666666	0.552
NC_051820.1	35121001	35190439	LOC100686540/WRN	atac_variability	0.05188664886553717	0.05188664915599836
NC_051820.1	35121001	35190439	LOC100686540/WRN	score_stability_atac	0.512	0.513
NC_051820.1	35121001	35190439	LOC100686540/WRN	final_score	0.5134	0.5136
NC_051820.1	37178242	37231175	LOC119869555/LOC102155995	atac_mean	1.0560653198316097	1.05655721380829
NC_051820.1	37178242	37231175	LOC119869555/LOC102155995	atac_mean_percentile	0.666	0.6523333333333333
NC_051820.1	37178242	37231175	LOC119869555/LOC102155995	atac_mean_narrow	1.084613045888394	1.0859631981815354
NC_051820.1	37178242	37231175	LOC119869555/LOC102155995	atac_mean_narrow_percentile	0.718	0.7093333333333334
NC_051820.1	37178242	37231175	LOC119869555/LOC102155995	atac_variability	0.05477695101068441	0.054776951504382505
NC_051820.1	37178242	37231175	LOC119869555/LOC102155995	score_stability_atac	0.35	0.349
NC_051820.1	37178242	37231175	LOC119869555/LOC102155995	final_score	0.3566	0.3564
NC_051820.1	37416979	37473636	PPP1R3B/ERI1	atac_mean	1.1221353673260799	1.122127809405152
NC_051820.1	37416979	37473636	PPP1R3B/ERI1	atac_mean_percentile	0.7773333333333333	0.7666666666666667
NC_051820.1	37416979	37473636	PPP1R3B/ERI1	atac_mean_narrow	1.071816222718358	1.0718090019136668
NC_051820.1	37416979	37473636	PPP1R3B/ERI1	atac_mean_narrow_percentile	0.6986666666666667	0.6886666666666666
NC_051820.1	37416979	37473636	PPP1R3B/ERI1	atac_variability	0.060205125033829535	0.06020512546016312
NC_051820.1	38028250	38082724	LOC111090314/LOC111090316	atac_mean	1.0267870618574033	1.0272515868445609
NC_051820.1	38028250	38082724	LOC111090314/LOC111090316	atac_mean_percentile	0.5816666666666667	0.5656666666666667
NC_051820.1	38028250	38082724	LOC111090314/LOC111090316	atac_mean_narrow	1.0276349914453924	1.0289142143465253
NC_051820.1	38028250	38082724	LOC111090314/LOC111090316	atac_mean_narrow_percentile	0.6116666666666667	0.6013333333333334
NC_051820.1	38028250	38082724	LOC111090314/LOC111090316	atac_variability	0.05291987769831297	0.052919878024812586
NC_051820.1	38028250	38082724	LOC111090314/LOC111090316	score_stability_atac	0.4427	0.443
NC_051820.1	38028250	38082724	LOC111090314/LOC111090316	final_score	0.4821	0.4822
NC_051820.1	46125770	46187174	LOC119869631/LOC100682827	atac_mean	0.9801848474364604	0.9825785234869724
NC_051820.1	46125770	46187174	LOC119869631/LOC100682827	atac_mean_percentile	0.43633333333333335	0.4216666666666667
NC_051820.1	46125770	46187174	LOC119869631/LOC100682827	atac_mean_narrow	0.9772295291393995	0.977222944997251
NC_051820.1	46125770	46187174	LOC119869631/LOC100682827	atac_mean_narrow_percentile	0.442	0.422
NC_051820.1	46125770	46187174	LOC119869631/LOC100682827	atac_variability	0.05179366581560712	0.05179366590922023
NC_051820.1	46125770	46187174	LOC119869631/LOC100682827	score_stability_atac	0.5193	0.5197
NC_051820.1	46125770	46187174	LOC119869631/LOC100682827	final_score	0.5333	0.5334
NC_051820.1	46199665	46254098	LOC119869583/LOC119869626	atac_mean	0.9544199687891192	0.9544135355787121
NC_051820.1	46199665	46254098	LOC119869583/LOC119869626	atac_mean_percentile	0.33866666666666667	0.306
NC_051820.1	46199665	46254098	LOC119869583/LOC119869626	atac_mean_narrow	0.955844617793709	0.9558381761953235
NC_051820.1	46199665	46254098	LOC119869583/LOC119869626	atac_mean_narrow_percentile	0.3436666666666667	0.32166666666666666
NC_051820.1	46199665	46254098	LOC119869583/LOC119869626	atac_variability	0.050381299875591104	0.05038129998064288
NC_051820.1	46199665	46254098	LOC119869583/LOC119869626	score_stability_atac	0.6697	0.6693
NC_051820.1	49468828	49528532	LOC119869512/LOC102156721	atac_mean	1.012783648061094	1.0127768262593833
NC_051820.1	49468828	49528532	LOC119869512/LOC102156721	atac_mean_percentile	0.5466666666666666	0.5283333333333333
NC_051820.1	49468828	49528532	LOC119869512/LOC102156721	atac_mean_narrow	1.007019861906767	1.0070130780562758
NC_051820.1	49468828	49528532	LOC119869512/LOC102156721	atac_mean_narrow_percentile	0.5483333333333333	0.5303333333333333
NC_051820.1	49468828	49528532	LOC119869512/LOC102156721	atac_variability	0.052716451706637336	0.05271645189007138
NC_051820.1	51445768	51508808	LOC119874730/LOC119874609	atac_mean	0.9490909438440812	0.9494610811976756
NC_051820.1	51445768	51508808	LOC119874730/LOC119874609	atac_mean_percentile	0.31333333333333335	0.2786666666666667
NC_051820.1	51445768	51508808	LOC119874730/LOC119874609	atac_mean_narrow	0.9829902223840356	0.9829836003169418
NC_051820.1	51445768	51508808	LOC119874730/LOC119874609	atac_mean_narrow_percentile	0.464	0.44533333333333336
NC_051820.1	51445768	51508808	LOC119874730/LOC119874609	atac_variability	0.04961299678596994	0.04961299690975201
NC_051820.1	54629014	54692819	AGA/NEIL3	atac_mean	1.0228403583473755	1.028880488571357
NC_051820.1	54629014	54692819	AGA/NEIL3	atac_mean_percentile	0.5723333333333334	0.57
NC_051820.1	54629014	54692819	AGA/NEIL3	atac_mean_narrow	1.0271224705927073	1.0271155497133733
NC_051820.1	54629014	54692819	AGA/NEIL3	atac_mean_narrow_percentile	0.6096666666666667	0.5963333333333334
NC_051820.1	54629014	54692819	AGA/NEIL3	atac_variability	0.053259020803929406	0.053259021061932414
NC_051820.1	54629014	54692819	AGA/NEIL3	final_score_percentile	59.4	59.7
NC_051821.1	4818014	4875944	LOC111090412/LOC102151619	atac_mean	1.0654928284076834	1.0659456639069163
NC_051821.1	4818014	4875944	LOC111090412/LOC102151619	atac_mean_percentile	0.6843333333333333	0.6706666666666666
NC_051821.1	4818014	4875944	LOC111090412/LOC102151619	atac_mean_narrow	1.045443140603602	1.0454360983639956
NC_051821.1	4818014	4875944	LOC111090412/LOC102151619	atac_mean_narrow_percentile	0.6523333333333333	0.6383333333333333
NC_051821.1	4818014	4875944	LOC111090412/LOC102151619	atac_variability	0.05543276582692046	0.05543276620629389
NC_051821.1	4818014	4875944	LOC111090412/LOC102151619	score_stability_atac	0.3193	0.3197
NC_051821.1	4818014	4875944	LOC111090412/LOC102151619	final_score	0.3758	0.3759
NC_051821.1	4818014	4875944	LOC111090412/LOC102151619	final_score_percentile	29.5	29.3
NC_051821.1	11891971	11964254	LOC102157135/LOC111090504	atac_mean	1.1027541700122088	1.1046570394200659
NC_051821.1	11891971	11964254	LOC102157135/LOC111090504	atac_mean_percentile	0.7463333333333333	0.739
NC_051821.1	11891971	11964254	LOC102157135/LOC111090504	atac_mean_narrow	1.0872201818034053	1.0940506755825858
NC_051821.1	11891971	11964254	LOC102157135/LOC111090504	atac_mean_narrow_percentile	0.7233333333333334	0.7206666666666667
NC_051821.1	11891971	11964254	LOC102157135/LOC111090504	atac_variability	0.056627042953764306	0.056627043247887275
NC_051821.1	11891971	11964254	LOC102157135/LOC111090504	score_stability_atac	0.278	0.2783
NC_051821.1	11891971	11964254	LOC102157135/LOC111090504	final_score	0.483	0.4831
NC_051821.1	12278057	12338750	LOC102157261/CYRIA	atac_mean	1.0900008627108502	1.0899935206723217
NC_051821.1	12278057	12338750	LOC102157261/CYRIA	atac_mean_percentile	0.7303333333333333	0.7176666666666667
NC_051821.1	12278057	12338750	LOC102157261/CYRIA	atac_mean_narrow	1.145063241046667	1.1450555275261403
NC_051821.1	12278057	12338750	LOC102157261/CYRIA	atac_mean_narrow_percentile	0.7973333333333333	0.789
NC_051821.1	12278057	12338750	LOC102157261/CYRIA	atac_variability	0.05529333152623421	0.0552933319861949
NC_051821.1	12278057	12338750	LOC102157261/CYRIA	score_stability_atac	0.325	0.324
NC_051821.1	12278057	12338750	LOC102157261/CYRIA	final_score	0.4138	0.4136
NC_051821.1	15968485	16030074	LOC111090394/APOB	atac_mean	1.1044758209054493	1.1044683797970059
NC_051821.1	15968485	16030074	LOC111090394/APOB	atac_mean_percentile	0.75	0.739
NC_051821.1	15968485	16030074	LOC111090394/APOB	atac_mean_narrow	1.1200247287511826	1.1200171829283236
NC_051821.1	15968485	16030074	LOC111090394/APOB	atac_mean_narrow_percentile	0.7663333333333333	0.7586666666666667
NC_051821.1	15968485	16030074	LOC111090394/APOB	atac_variability	0.055277394066740766	0.05527739455598415
NC_051821.1	15968485	16030074	LOC111090394/APOB	score_stability_atac	0.3257	0.3247
NC_051821.1	15968485	16030074	LOC111090394/APOB	final_score	0.4158	0.4156
NC_051821.1	17141980	17213143	LOC111090524/LOC119881779	atac_mean	0.9265472875959868	0.9265410456261838
NC_051821.1	17141980	17213143	LOC111090524/LOC119881779	atac_mean_percentile	0.20066666666666666	0.16266666666666665
NC_051821.1	17141980	17213143	LOC111090524/LOC119881779	atac_mean_narrow	0.9327688155174255	0.9327625309467316
NC_051821.1	17141980	17213143	LOC111090524/LOC119881779	atac_mean_narrow_percentile	0.23866666666666667	0.21366666666666667
NC_051821.1	17141980	17213143	LOC111090524/LOC119881779	atac_variability	0.04883503414844559	0.04883503432878476
NC_051821.1	19088682	19138909	LOC111090423/LOC111090532	atac_mean	0.9786716398645834	0.9995609592152226
NC_051821.1	19088682	19138909	LOC111090423/LOC111090532	atac_mean_percentile	0.43166666666666664	0.4816666666666667
NC_051821.1	19088682	19138909	LOC111090423/LOC111090532	atac_mean_narrow	1.0027058947235346	1.0026991410329937
NC_051821.1	19088682	19138909	LOC111090423/LOC111090532	atac_mean_narrow_percentile	0.5353333333333333	0.5176666666666667
NC_051821.1	19088682	19138909	LOC111090423/LOC111090532	atac_variability	0.05153156135439849	0.05153156166540376
NC_051821.1	19088682	19138909	LOC111090423/LOC111090532	score_stability_atac	0.545	0.5447
NC_051821.1	19088682	19138909	LOC111090423/LOC111090532	final_score	0.3908	0.3907
NC_051821.1	25527391	25580014	LOC119869680/SRD5A2	atac_mean	1.0183037304765308	1.0244094924629332
NC_051821.1	25527391	25580014	LOC119869680/SRD5A2	atac_mean_percentile	0.5606666666666666	0.5573333333333333
NC_051821.1	25527391	25580014	LOC119869680/SRD5A2	atac_mean_narrow	1.002921439550817	1.0029146826416253
NC_051821.1	25527391	25580014	LOC119869680/SRD5A2	atac_mean_narrow_percentile	0.5356666666666666	0.518
NC_051821.1	25527391	25580014	LOC119869680/SRD5A2	atac_variability	0.05334323189501002	0.05334323205341039
NC_051821.1	34751027	34802687	LOC102151793/KCNG3	atac_mean	1.0527275188234348	1.0537403090416841
NC_051821.1	34751027	34802687	LOC102151793/KCNG3	atac_mean_percentile	0.6546666666666666	0.6426666666666667
NC_051821.1	34751027	34802687	LOC102151793/KCNG3	atac_mean_narrow	1.1149009521111846	1.1176876641903306
NC_051821.1	34751027	34802687	LOC102151793/KCNG3	atac_mean_narrow_percentile	0.761	0.7553333333333333
NC_051821.1	34751027	34802687	LOC102151793/KCNG3	atac_variability	0.054009135768299646	0.054009136131702495
NC_051821.1	34751027	34802687	LOC102151793/KCNG3	score_stability_atac	0.381	0.3807
NC_051821.1	34751027	34802687	LOC102151793/KCNG3	final_score	0.3321	0.332
NC_051821.1	51685511	51738942	LOC119869763/LOC111090442	atac_mean	1.2091635232565232	1.2177016948696913
NC_051821.1	51685511	51738942	LOC119869763/LOC111090442	atac_mean_percentile	0.8643333333333333	0.867
NC_051821.1	51685511	51738942	LOC119869763/LOC111090442	atac_mean_narrow	1.2792964533388616	1.2792878377467394
NC_051821.1	51685511	51738942	LOC119869763/LOC111090442	atac_mean_narrow_percentile	0.896	0.894
NC_051821.1	51685511	51738942	LOC119869763/LOC111090442	atac_variability	0.06315961529693434	0.06315961578623011
NC_051821.1	52870289	52932765	LOC111090443/LOC119864061	atac_mean	1.033528411511564	1.0343492453498284
NC_051821.1	52870289	52932765	LOC111090443/LOC119864061	atac_mean_percentile	0.6056666666666667	0.5886666666666667
NC_051821.1	52870289	52932765	LOC111090443/LOC119864061	atac_mean_narrow	1.0592163004487753	1.0592091654211282
NC_051821.1	52870289	52932765	LOC111090443/LOC119864061	atac_mean_narrow_percentile	0.6776666666666666	0.6653333333333333
NC_051821.1	52870289	52932765	LOC111090443/LOC119864061	atac_variability	0.05331490098936211	0.05331490135093476
NC_051821.1	52940905	52993050	LOC102154674/TRIM33	atac_mean	1.0307028937564393	1.031685197249817
NC_051821.1	52940905	52993050	LOC102154674/TRIM33	atac_mean_percentile	0.5963333333333334	0.5786666666666667
NC_051821.1	52940905	52993050	LOC102154674/TRIM33	atac_mean_narrow	1.201197195610404	1.201189104346931
NC_051821.1	52940905	52993050	LOC102154674/TRIM33	atac_mean_narrow_percentile	0.845	0.8413333333333334
NC_051821.1	52940905	52993050	LOC102154674/TRIM33	atac_variability	0.05508400641510174	0.05508400665681152
NC_051821.1	53716583	53781749	LOC100688064/NGF	atac_mean	1.0297353359519699	1.03210410989534
NC_051821.1	53716583	53781749	LOC100688064/NGF	atac_mean_percentile	0.5933333333333334	0.5806666666666667
NC_051821.1	53716583	53781749	LOC100688064/NGF	atac_mean_narrow	0.9871849425286054	0.9946380757054394
NC_051821.1	53716583	53781749	LOC100688064/NGF	atac_mean_narrow_percentile	0.47633333333333333	0.48833333333333334
NC_051821.1	53716583	53781749	LOC100688064/NGF	atac_variability	0.0522537712280767	0.052253771739454016
NC_051821.1	55900409	55960106	LOC111090684/LOC100688781	atac_mean	1.0706061661173047	1.0760062894855367
NC_051821.1	55900409	55960106	LOC111090684/LOC100688781	atac_mean_percentile	0.6956666666666667	0.691
NC_051821.1	55900409	55960106	LOC111090684/LOC100688781	atac_mean_narrow	1.0961074905753136	1.0961001021042467
NC_051821.1	55900409	55960106	LOC111090684/LOC100688781	atac_mean_narrow_percentile	0.7316666666666667	0.722
NC_051821.1	55900409	55960106	LOC111090684/LOC100688781	atac_variability	0.055268157814833616	0.05526815827166064
NC_051821.1	55900409	55960106	LOC111090684/LOC100688781	score_stability_atac	0.327	0.3263
NC_051821.1	55900409	55960106	LOC111090684/LOC100688781	final_score	0.433	0.4329
NC_051821.1	57904516	57954590	LOC102154106/LOC111090694	atac_mean	1.1008494462540115	1.1019423449775105
NC_051821.1	57904516	57954590	LOC102154106/LOC111090694	atac_mean_percentile	0.743	0.733
NC_051821.1	57904516	57954590	LOC102154106/LOC111090694	atac_mean_narrow	1.122071071973443	1.1220635170534252
NC_051821.1	57904516	57954590	LOC102154106/LOC111090694	atac_mean_narrow_percentile	0.769	0.7606666666666667
NC_051821.1	57904516	57954590	LOC102154106/LOC111090694	atac_variability	0.05747231605340141	0.057472316573815685
NC_051821.1	57904516	57954590	LOC102154106/LOC111090694	score_stability_atac	0.255	0.2553
NC_051821.1	57904516	57954590	LOC102154106/LOC111090694	final_score	0.4959	0.496
NC_051821.1	62647649	62699011	LOC119864001/LOC119878526	atac_mean	0.20273152868522393	0.8322777185601283
NC_051821.1	62647649	62699011	LOC119864001/LOC119878526	atac_mean_percentile	0.004666666666666667	0.013
NC_051821.1	62647649	62699011	LOC119864001/LOC119878526	atac_mean_narrow	0.09889100882783532	0.8674591336268604
NC_051821.1	62647649	62699011	LOC119864001/LOC119878526	atac_mean_narrow_percentile	0.007	0.035666666666666666
NC_051821.1	62647649	62699011	LOC119864001/LOC119878526	atac_variability	0.03664666030036739	0.036646660467589486
NC_051821.1	62708801	62760445	LOC119878525/LOC119877138	atac_mean	0.12500520713379776	0.8309596327472368
NC_051821.1	62708801	62760445	LOC119878525/LOC119877138	atac_mean_percentile	0.003	0.013
NC_051821.1	62708801	62760445	LOC119878525/LOC119877138	atac_mean_narrow	0.007270290553569794	0.9693655570348104
NC_051821.1	62708801	62760445	LOC119878525/LOC119877138	atac_mean_narrow_percentile	0.0036666666666666666	0.38866666666666666
NC_051821.1	62708801	62760445	LOC119878525/LOC119877138	atac_variability	0.03685010879658142	0.036850108632570884
NC_051822.1	7159763	7220802	LOC111090865/LOC102151924	atac_mean	0.9419526820263733	0.9419463364318528
NC_051822.1	7159763	7220802	LOC111090865/LOC102151924	atac_mean_percentile	0.2783333333333333	0.24033333333333334
NC_051822.1	7159763	7220802	LOC111090865/LOC102151924	atac_mean_narrow	0.9371237871587277	0.9371174747914076
NC_051822.1	7159763	7220802	LOC111090865/LOC102151924	atac_mean_narrow_percentile	0.25866666666666666	0.23266666666666666
NC_051822.1	7159763	7220802	LOC111090865/LOC102151924	atac_variability	0.0498329444295065	0.049832944663714164
NC_051822.1	7159763	7220802	LOC111090865/LOC102151924	score_stability_atac	0.7413	0.7403
NC_051822.1	7159763	7220802	LOC111090865/LOC102151924	final_score	0.49	0.4898
NC_051822.1	11006057	11065538	VPS41/LOC119864320	atac_mean	1.0710754761823167	1.0983038181219722
NC_051822.1	11006057	11065538	VPS41/LOC119864320	atac_mean_percentile	0.696	0.7283333333333334
NC_051822.1	11006057	11065538	VPS41/LOC119864320	atac_mean_narrow	1.094110395361483	1.0941030268013476
NC_051822.1	11006057	11065538	VPS41/LOC119864320	atac_mean_narrow_percentile	0.7296666666666667	0.7206666666666667
NC_051822.1	11006057	11065538	VPS41/LOC119864320	atac_variability	0.05645998827765206	0.05645998874353198
NC_051822.1	11006057	11065538	VPS41/LOC119864320	score_stability_atac	0.2823	0.2827
NC_051822.1	11006057	11065538	VPS41/LOC119864320	final_score	0.3028	0.3029
NC_051822.1	11006057	11065538	VPS41/LOC119864320	final_score_percentile	6.7	6.9
NC_051822.1	12195480	12258671	LOC100683828/EPDR1	atac_mean	0.9625375584706185	0.9636748381723027
NC_051822.1	12195480	12258671	LOC100683828/EPDR1	atac_mean_percentile	0.37233333333333335	0.3476666666666667
NC_051822.1	12195480	12258671	LOC100683828/EPDR1	atac_mean_narrow	0.9213894132338464	0.9248513983775262
NC_051822.1	12195480	12258671	LOC100683828/EPDR1	atac_mean_narrow_percentile	0.18533333333333332	0.17066666666666666
NC_051822.1	12195480	12258671	LOC100683828/EPDR1	atac_variability	0.05072330909219123	0.05072330942159272
NC_051822.1	12195480	12258671	LOC100683828/EPDR1	final_score_percentile	45.3	45.1
NC_051822.1	18243340	18307563	PHTF2/MAGI2	atac_mean	1.0140184283670923	1.0167822073128372
NC_051822.1	18243340	18307563	PHTF2/MAGI2	atac_mean_percentile	0.5506666666666666	0.54
NC_051822.1	18243340	18307563	PHTF2/MAGI2	atac_mean_narrow	0.9899170840464533	0.997390846786481
NC_051822.1	18243340	18307563	PHTF2/MAGI2	atac_mean_narrow_percentile	0.48633333333333334	0.49866666666666665
NC_051822.1	18243340	18307563	PHTF2/MAGI2	atac_variability	0.052777052804867004	0.05277705319307288
NC_051822.1	23806419	23872683	LOC111090917/SEMA3A	atac_mean	0.9160976328183297	0.924110347741344
NC_051822.1	23806419	23872683	LOC111090917/SEMA3A	atac_mean_percentile	0.15266666666666667	0.14766666666666667
NC_051822.1	23806419	23872683	LOC111090917/SEMA3A	atac_mean_narrow	0.9598336417540908	0.9610284643477582
NC_051822.1	23806419	23872683	LOC111090917/SEMA3A	atac_mean_narrow_percentile	0.36633333333333334	0.35233333333333333
NC_051822.1	23806419	23872683	LOC111090917/SEMA3A	atac_variability	0.049183885085945137	0.04918388538763243
NC_051822.1	30797965	30858164	LOC111091010/LOC100682696	atac_mean	0.7490973547787921	0.8837920963660808
NC_051822.1	30797965	30858164	LOC111091010/LOC100682696	atac_mean_percentile	0.029666666666666668	0.03766666666666667
NC_051822.1	30797965	30858164	LOC111091010/LOC100682696	atac_mean_narrow	0.6944942727535963	0.8093812638071755
NC_051822.1	30797965	30858164	LOC111091010/LOC100682696	atac_mean_narrow_percentile	0.035333333333333335	0.018666666666666668
NC_051822.1	30797965	30858164	LOC111091010/LOC100682696	atac_variability	0.046968846969813634	0.04696884701518671
NC_051822.1	36175607	36236940	LOC111090814/LOC119864218	atac_mean	1.049606703753991	1.054758807398298
NC_051822.1	36175607	36236940	LOC111090814/LOC119864218	atac_mean_percentile	0.6436666666666667	0.6466666666666666
NC_051822.1	36175607	36236940	LOC111090814/LOC119864218	atac_mean_narrow	1.1091835431873798	1.1091760707139968
NC_051822.1	36175607	36236940	LOC111090814/LOC119864218	atac_mean_narrow_percentile	0.752	0.743
NC_051822.1	36175607	36236940	LOC111090814/LOC119864218	atac_variability	0.05384032140085882	0.05384032162088976
NC_051822.1	37530345	37599747	MPPED2/ARL14EP	atac_mean	1.012607914458513	1.0229184180506798
NC_051822.1	37530345	37599747	MPPED2/ARL14EP	atac_mean_percentile	0.5466666666666666	0.5536666666666666
NC_051822.1	37530345	37599747	MPPED2/ARL14EP	atac_mean_narrow	0.9488838191851974	0.9584620484137776
NC_051822.1	37530345	37599747	MPPED2/ARL14EP	atac_mean_narrow_percentile	0.31566666666666665	0.334
NC_051822.1	37530345	37599747	MPPED2/ARL14EP	atac_variability	0.052676430035559864	0.052676430652590596
NC_051822.1	37530345	37599747	MPPED2/ARL14EP	score_stability_atac	0.454	0.4543
NC_051822.1	37625161	37675210	LOC111090955/OR10V5	atac_mean	0.9754437412452183	0.9759246549086058
NC_051822.1	37625161	37675210	LOC111090955/OR10V5	atac_mean_percentile	0.419	0.3953333333333333
NC_051822.1	37625161	37675210	LOC111090955/OR10V5	atac_mean_narrow	0.9393252826817333	0.9393189540952445
NC_051822.1	37625161	37675210	LOC111090955/OR10V5	atac_mean_narrow_percentile	0.269	0.24233333333333335
NC_051822.1	37625161	37675210	LOC111090955/OR10V5	atac_variability	0.05108832316379573	0.05108832349346909
NC_051822.1	55169332	55241058	AHNAK/SCGB1A1	atac_mean	1.326275711723061	1.3271919611058296
NC_051822.1	55169332	55241058	AHNAK/SCGB1A1	atac_mean_percentile	0.9393333333333334	0.9386666666666666
NC_051822.1	55169332	55241058	AHNAK/SCGB1A1	atac_mean_narrow	1.2106747021973132	1.2106665499433875
NC_051822.1	55169332	55241058	AHNAK/SCGB1A1	atac_mean_narrow_percentile	0.8526666666666667	0.8483333333333334
NC_051822.1	55169332	55241058	AHNAK/SCGB1A1	atac_variability	0.06959880107485689	0.06959880156602923
NC_051822.1	55169332	55241058	AHNAK/SCGB1A1	score_stability_atac	0.067	0.0667
NC_051822.1	55169332	55241058	AHNAK/SCGB1A1	final_score	0.3569	0.3568
NC_051822.1	55656583	55708852	LOC100856625/LOC111091015	atac_mean	1.1963641583981104	1.1963561008032364
NC_051822.1	55656583	55708852	LOC100856625/LOC111091015	atac_mean_percentile	0.853	0.85
NC_051822.1	55656583	55708852	LOC100856625/LOC111091015	atac_mean_narrow	1.0689968844503164	1.0689896843627096
NC_051822.1	55656583	55708852	LOC100856625/LOC111091015	atac_mean_narrow_percentile	0.6926666666666667	0.6836666666666666
NC_051822.1	55656583	55708852	LOC100856625/LOC111091015	atac_variability	0.06504054052502373	0.06504054084412642
NC_051823.1	15192889	15259450	LOC119864516/FAT4	atac_mean	0.9015704689760126	0.9230595996463523
NC_051823.1	15192889	15259450	LOC119864516/FAT4	atac_mean_percentile	0.109	0.143
NC_051823.1	15192889	15259450	LOC119864516/FAT4	atac_mean_narrow	0.8228723637789488	0.8907895197790917
NC_051823.1	15192889	15259450	LOC119864516/FAT4	atac_mean_narrow_percentile	0.050333333333333334	0.057
NC_051823.1	15192889	15259450	LOC119864516/FAT4	atac_variability	0.049070136144502105	0.04907013644841748
NC_051823.1	15192889	15259450	LOC119864516/FAT4	score_stability_atac	0.843	0.8427
NC_051823.1	15192889	15259450	LOC119864516/FAT4	final_score	0.4986	0.4985
NC_051823.1	22718008	22788982	NA/LOC111091051	atac_mean	1.6344637453984783	1.774461539675387
NC_051823.1	22718008	22788982	NA/LOC111091051	atac_mean_percentile	0.99	0.994
NC_051823.1	22718008	22788982	NA/LOC111091051	atac_mean_narrow	3.746469540234655	4.209488001474169
NC_051823.1	22718008	22788982	NA/LOC111091051	atac_variability	0.0890213543280714	0.08902135512488248
NC_051823.1	32708863	32761746	NA/LOC100683928	atac_mean	1.0332450097343613	1.03323804801346
NC_051823.1	32708863	32761746	NA/LOC100683928	atac_mean_percentile	0.605	0.5843333333333334
NC_051823.1	32708863	32761746	NA/LOC100683928	atac_mean_narrow	1.033129478225112	1.0331225149914622
NC_051823.1	32708863	32761746	NA/LOC100683928	atac_mean_narrow_percentile	0.6226666666666667	0.6106666666666667
NC_051823.1	32708863	32761746	NA/LOC100683928	atac_variability	0.052653527774451814	0.05265352807780131
NC_051823.1	32708863	32761746	NA/LOC100683928	score_stability_atac	0.4563	0.457
NC_051823.1	32708863	32761746	NA/LOC100683928	final_score	0.6344	0.6345
NC_051823.1	40699370	40753962	LOC119864393/LOC119864525	atac_mean	0.9896956667359176	0.9924158152198442
NC_051823.1	40699370	40753962	LOC119864393/LOC119864525	atac_mean_percentile	0.4713333333333333	0.458
NC_051823.1	40699370	40753962	LOC119864393/LOC119864525	atac_mean_narrow	1.0090384921073914	1.0166566187788917
NC_051823.1	40699370	40753962	LOC119864393/LOC119864525	atac_mean_narrow_percentile	0.5546666666666666	0.566
NC_051823.1	40699370	40753962	LOC119864393/LOC119864525	atac_variability	0.05160433004178971	0.051604330491987996
NC_051823.1	40699370	40753962	LOC119864393/LOC119864525	final_score_percentile	81.3	81.6
NC_051823.1	42150441	42214374	LOC119864487/LOC119864518	atac_mean	0.9575556383067599	0.9582986431155658
NC_051823.1	42150441	42214374	LOC119864487/LOC119864518	atac_mean_percentile	0.35133333333333333	0.321
NC_051823.1	42150441	42214374	LOC119864487/LOC119864518	atac_mean_narrow	0.9570069631099701	0.9593990151065035
NC_051823.1	42150441	42214374	LOC119864487/LOC119864518	atac_mean_narrow_percentile	0.3486666666666667	0.3413333333333333
NC_051823.1	42150441	42214374	LOC119864487/LOC119864518	atac_variability	0.04933986039417408	0.049339860737329426
NC_051823.1	43660794	43734482	LOC119864395/LOC119864396	atac_mean	0.9348707059953386	0.9361348120000477
NC_051823.1	43660794	43734482	LOC119864395/LOC119864396	atac_mean_percentile	0.24266666666666667	0.21133333333333335
NC_051823.1	43660794	43734482	LOC119864395/LOC119864396	atac_mean_narrow	0.9552722442522645	0.9552658118441701
NC_051823.1	43660794	43734482	LOC119864395/LOC119864396	atac_mean_narrow_percentile	0.3416666666666667	0.32
NC_051823.1	43660794	43734482	LOC119864395/LOC119864396	atac_variability	0.0497648007043255	0.049764800884978984
NC_051823.1	43660794	43734482	LOC119864395/LOC119864396	score_stability_atac	0.7493	0.749
NC_051823.1	43660794	43734482	LOC119864395/LOC119864396	final_score	0.4586	0.4585
NC_051823.1	46607767	46663039	KYNU/LOC111091185	atac_mean	1.0062870382513154	1.0090185872406738
NC_051823.1	46607767	46663039	KYNU/LOC111091185	atac_mean_percentile	0.527	0.5183333333333333
NC_051823.1	46607767	46663039	KYNU/LOC111091185	atac_mean_narrow	0.9878354538649321	0.990304560569444
NC_051823.1	46607767	46663039	KYNU/LOC111091185	atac_mean_narrow_percentile	0.4786666666666667	0.4716666666666667
NC_051823.1	46607767	46663039	KYNU/LOC111091185	atac_variability	0.05340037087207344	0.05340037126810226
NC_051823.1	46607767	46663039	KYNU/LOC111091185	score_stability_atac	0.413	0.4123
NC_051823.1	46607767	46663039	KYNU/LOC111091185	final_score	0.3493	0.3491
NC_051823.1	46607767	46663039	KYNU/LOC111091185	final_score_percentile	19.7	19.3
NC_051823.1	50766576	50830568	LOC111091082/LOC111091197	atac_mean	0.9851167475713173	0.9963988529926799
NC_051823.1	50766576	50830568	LOC111091082/LOC111091197	atac_mean_percentile	0.4583333333333333	0.471
NC_051823.1	50766576	50830568	LOC111091082/LOC111091197	atac_mean_narrow	1.0091267491474747	1.009119951197505
NC_051823.1	50766576	50830568	LOC111091082/LOC111091197	atac_mean_narrow_percentile	0.555	0.5383333333333333
NC_051823.1	50766576	50830568	LOC111091082/LOC111091197	atac_variability	0.05262681997825487	0.05262682008087906
NC_051823.1	50766576	50830568	LOC111091082/LOC111091197	score_stability_atac	0.4577	0.4583
NC_051823.1	50766576	50830568	LOC111091082/LOC111091197	final_score	0.471	0.4711
NC_051823.1	51746959	51816629	LOC111091200/LOC119864405	atac_mean	1.1329729534750845	1.133372013032612
NC_051823.1	51746959	51816629	LOC111091200/LOC119864405	atac_mean_percentile	0.7873333333333333	0.7806666666666666
NC_051823.1	51746959	51816629	LOC111091200/LOC119864405	atac_mean_narrow	1.1509835222020746	1.1509757696390153
NC_051823.1	51746959	51816629	LOC111091200/LOC119864405	atac_mean_narrow_percentile	0.8023333333333333	0.794
NC_051823.1	51746959	51816629	LOC111091200/LOC119864405	atac_variability	0.05939314566776172	0.059393146226300646
NC_051823.1	53515801	53574039	LOC119864407/LOC119864408	atac_mean	0.9915928780424111	0.9928648255538319
NC_051823.1	53515801	53574039	LOC119864407/LOC119864408	atac_mean_percentile	0.4766666666666667	0.46
NC_051823.1	53515801	53574039	LOC119864407/LOC119864408	atac_mean_narrow	0.9766839900799096	0.9791252200802167
NC_051823.1	53515801	53574039	LOC119864407/LOC119864408	atac_mean_narrow_percentile	0.44066666666666665	0.42733333333333334
NC_051823.1	53515801	53574039	LOC119864407/LOC119864408	atac_variability	0.05192252625835893	0.05192252649692321
NC_051823.1	53669125	53730654	LOC100687327/LOC119864410	atac_mean	0.996269072185806	1.0019618947153968
NC_051823.1	53669125	53730654	LOC100687327/LOC119864410	atac_mean_percentile	0.49233333333333335	0.493
NC_051823.1	53669125	53730654	LOC100687327/LOC119864410	atac_mean_narrow	1.0223990117698907	1.022392122927308
NC_051823.1	53669125	53730654	LOC100687327/LOC119864410	atac_mean_narrow_percentile	0.5976666666666667	0.5843333333333334
NC_051823.1	53669125	53730654	LOC100687327/LOC119864410	atac_variability	0.05145512275112206	0.05145512310139832
NC_051824.1	4223236	4289981	LOC100683648/CHCHD4	atac_mean	0.9351375046879425	0.9393533340261756
NC_051824.1	4223236	4289981	LOC100683648/CHCHD4	atac_mean_percentile	0.24333333333333335	0.227
NC_051824.1	4223236	4289981	LOC100683648/CHCHD4	atac_mean_narrow	0.9378062051013112	0.9425124524032051
NC_051824.1	4223236	4289981	LOC100683648/CHCHD4	atac_mean_narrow_percentile	0.262	0.2613333333333333
NC_051824.1	4223236	4289981	LOC100683648/CHCHD4	atac_variability	0.04834078975076823	0.048340789704003705
NC_051824.1	4223236	4289981	LOC100683648/CHCHD4	score_stability_atac	0.9213	0.921
NC_051824.1	4223236	4289981	LOC100683648/CHCHD4	final_score	0.4731	0.473
NC_051824.1	11749774	11807289	LOC100685632/LOC111091252	atac_mean	0.9712006588086018	0.9711941156653252
NC_051824.1	11749774	11807289	LOC100685632/LOC111091252	atac_mean_percentile	0.4073333333333333	0.381
NC_051824.1	11749774	11807289	LOC100685632/LOC111091252	atac_mean_narrow	0.9666602624192834	0.966653748382628
NC_051824.1	11749774	11807289	LOC100685632/LOC111091252	atac_mean_narrow_percentile	0.3973333333333333	0.37666666666666665
NC_051824.1	11749774	11807289	LOC100685632/LOC111091252	atac_variability	0.050654824315052714	0.05065482433199763
NC_051824.1	11749774	11807289	LOC100685632/LOC111091252	score_stability_atac	0.631	0.6313
NC_051824.1	11749774	11807289	LOC100685632/LOC111091252	final_score	0.4178	0.4179
NC_051824.1	12427622	12487484	LOC111091257/EDEM1	atac_mean	1.0744668235575108	1.0771586896810732
NC_051824.1	12427622	12487484	LOC111091257/EDEM1	atac_mean_percentile	0.7006666666666667	0.6926666666666667
NC_051824.1	12427622	12487484	LOC111091257/EDEM1	atac_mean_narrow	1.0689193560920656	1.0715911316214348
NC_051824.1	12427622	12487484	LOC111091257/EDEM1	atac_mean_narrow_percentile	0.6926666666666667	0.6883333333333334
NC_051824.1	12427622	12487484	LOC111091257/EDEM1	atac_variability	0.056143536911839924	0.05614353712734794
NC_051824.1	12427622	12487484	LOC111091257/EDEM1	final_score_percentile	24.9	25.4
NC_051824.1	13377340	13441692	LOC476550/LOC100686411	atac_mean	0.9506856827398791	0.9506792776344029
NC_051824.1	13377340	13441692	LOC476550/LOC100686411	atac_mean_percentile	0.31933333333333336	0.2846666666666667
NC_051824.1	13377340	13441692	LOC476550/LOC100686411	atac_mean_narrow	0.9196195583820344	0.9196133595064282
NC_051824.1	13377340	13441692	LOC476550/LOC100686411	atac_mean_narrow_percentile	0.17933333333333334	0.14966666666666667
NC_051824.1	13377340	13441692	LOC476550/LOC100686411	atac_variability	0.05006423106334449	0.050064231313610194
NC_051824.1	13377340	13441692	LOC476550/LOC100686411	score_stability_atac	0.709	0.7097
NC_051824.1	13377340	13441692	LOC476550/LOC100686411	final_score	0.4523	0.4525
NC_051824.1	13377340	13441692	LOC476550/LOC100686411	final_score_percentile	51.4	51.8
NC_051824.1	17040502	17103820	LOC102154165/LOC119864650	atac_mean	0.9487297069739661	0.9487233149566293
NC_051824.1	17040502	17103820	LOC102154165/LOC119864650	atac_mean_percentile	0.31233333333333335	0.2763333333333333
NC_051824.1	17040502	17103820	LOC102154165/LOC119864650	atac_mean_narrow	0.9500752347201109	0.9500688321843743
NC_051824.1	17040502	17103820	LOC102154165/LOC119864650	atac_mean_narrow_percentile	0.322	0.2996666666666667
NC_051824.1	17040502	17103820	LOC102154165/LOC119864650	atac_variability	0.0493882047870743	0.04938820498077551
NC_051824.1	19442546	19500025	SHQ1/LOC102154862	atac_mean	1.18020497977969	1.1801970303717106
NC_051824.1	19442546	19500025	SHQ1/LOC102154862	atac_mean_percentile	0.8376666666666667	0.834
NC_051824.1	19442546	19500025	SHQ1/LOC102154862	atac_mean_narrow	1.133441154897213	1.1334335218518972
NC_051824.1	19442546	19500025	SHQ1/LOC102154862	atac_mean_narrow_percentile	0.7816666666666666	0.774
NC_051824.1	19442546	19500025	SHQ1/LOC102154862	atac_variability	0.06171113861769033	0.06171113885506182
NC_051824.1	19442546	19500025	SHQ1/LOC102154862	final_score_percentile	24.1	24.3
NC_051824.1	21700981	21759122	MDFIC2/LOC119864576	atac_mean	0.9571684271764059	0.9571619771036644
NC_051824.1	21700981	21759122	MDFIC2/LOC119864576	atac_mean_percentile	0.35033333333333333	0.31666666666666665
NC_051824.1	21700981	21759122	MDFIC2/LOC119864576	atac_mean_narrow	0.9291846217796207	0.9291783610418439
NC_051824.1	21700981	21759122	MDFIC2/LOC119864576	atac_mean_narrow_percentile	0.22033333333333333	0.19166666666666668
NC_051824.1	21700981	21759122	MDFIC2/LOC119864576	atac_variability	0.04989484369553473	0.04989484373921675
NC_051824.1	21700981	21759122	MDFIC2/LOC119864576	score_stability_atac	0.7317	0.7313
NC_051824.1	21700981	21759122	MDFIC2/LOC119864576	final_score	0.5027	0.5026
NC_051824.1	24572625	24634330	LOC102157163/LOC111091281	atac_mean	0.9555613668586435	0.958662170855924
NC_051824.1	24572625	24634330	LOC102157163/LOC111091281	atac_mean_percentile	0.344	0.32233333333333336
NC_051824.1	24572625	24634330	LOC102157163/LOC111091281	atac_mean_narrow	0.9773503157302738	0.9872158876452783
NC_051824.1	24572625	24634330	LOC102157163/LOC111091281	atac_mean_narrow_percentile	0.44233333333333336	0.458
NC_051824.1	24572625	24634330	LOC102157163/LOC111091281	atac_variability	0.049654787875358514	0.049654788190269965
NC_051824.1	32811725	32865996	LOC111091305/SLMAP	atac_mean	1.1981022375337398	1.200305855820392
NC_051824.1	32811725	32865996	LOC111091305/SLMAP	atac_mean_percentile	0.8536666666666667	0.8523333333333334
NC_051824.1	32811725	32865996	LOC111091305/SLMAP	atac_mean_narrow	1.2814618659168482	1.2878926965384627
NC_051824.1	32811725	32865996	LOC111091305/SLMAP	atac_mean_narrow_percentile	0.8966666666666666	0.8993333333333333
NC_051824.1	32811725	32865996	LOC111091305/SLMAP	atac_variability	0.06278504980698102	0.06278505028471686
NC_051825.1	1063011	1131564	LOC111091473/LOC606831	atac_mean	0.9137884943133178	0.9181350841393168
NC_051825.1	1063011	1131564	LOC111091473/LOC606831	atac_mean_percentile	0.14433333333333334	0.11933333333333333
NC_051825.1	1063011	1131564	LOC111091473/LOC606831	atac_mean_narrow	0.8989350675776601	0.9126182833071893
NC_051825.1	1063011	1131564	LOC111091473/LOC606831	atac_mean_narrow_percentile	0.10533333333333333	0.11766666666666667
NC_051825.1	1063011	1131564	LOC111091473/LOC606831	atac_variability	0.04910121384754876	0.04910121376359637
NC_051825.1	11676400	11742674	GRM5/LOC119864956	atac_mean	0.9764447263402211	0.9764381478037993
NC_051825.1	11676400	11742674	GRM5/LOC119864956	atac_mean_percentile	0.4236666666666667	0.39766666666666667
NC_051825.1	11676400	11742674	GRM5/LOC119864956	atac_mean_narrow	0.9343098147138953	0.9343035225689411
NC_051825.1	11676400	11742674	GRM5/LOC119864956	atac_mean_narrow_percentile	0.24833333333333332	0.22166666666666668
NC_051825.1	11676400	11742674	GRM5/LOC119864956	atac_variability	0.05091509110424522	0.05091509129875982
NC_051825.1	11676400	11742674	GRM5/LOC119864956	score_stability_atac	0.605	0.6047
NC_051825.1	11676400	11742674	GRM5/LOC119864956	final_score	0.4633	0.4632
NC_051825.1	15952393	16002786	DLG2/LOC100686619	atac_mean	0.9471793249410614	0.9485847234422112
NC_051825.1	15952393	16002786	DLG2/LOC100686619	atac_mean_percentile	0.303	0.27566666666666667
NC_051825.1	15952393	16002786	DLG2/LOC100686619	atac_mean_narrow	0.9123149711944163	0.9157428584635782
NC_051825.1	15952393	16002786	DLG2/LOC100686619	atac_mean_narrow_percentile	0.15	0.13066666666666665
NC_051825.1	15952393	16002786	DLG2/LOC100686619	atac_variability	0.04932852258220613	0.049328522737138954
NC_051825.1	38848629	38901890	LOC102152988/CRSP-2	atac_mean	0.9436839596398081	0.9458975610094696
NC_051825.1	38848629	38901890	LOC102152988/CRSP-2	atac_mean_percentile	0.2866666666666667	0.2613333333333333
NC_051825.1	38848629	38901890	LOC102152988/CRSP-2	atac_mean_narrow	0.9082092733845115	0.9139151238802844
NC_051825.1	38848629	38901890	LOC102152988/CRSP-2	atac_mean_narrow_percentile	0.13033333333333333	0.124
NC_051825.1	38848629	38901890	LOC102152988/CRSP-2	atac_variability	0.0495190994028616	0.04951909945643232
NC_051825.1	38848629	38901890	LOC102152988/CRSP-2	score_stability_atac	0.7863	0.7853
NC_051825.1	38848629	38901890	LOC102152988/CRSP-2	final_score	0.596	0.5958
NC_051825.1	48906661	48959809	BBOX1/LOC111091586	atac_mean	1.0056218296444208	1.0056150536853832
NC_051825.1	48906661	48959809	BBOX1/LOC111091586	atac_mean_percentile	0.5243333333333333	0.504
NC_051825.1	48906661	48959809	BBOX1/LOC111091586	atac_mean_narrow	0.9818293984532356	0.9818227822184563
NC_051825.1	48906661	48959809	BBOX1/LOC111091586	atac_mean_narrow_percentile	0.45966666666666667	0.44033333333333335
NC_051825.1	48906661	48959809	BBOX1/LOC111091586	atac_variability	0.05138054323102471	0.051380543444715404
NC_051825.1	48906661	48959809	BBOX1/LOC111091586	score_stability_atac	0.5577	0.558
NC_051825.1	48906661	48959809	BBOX1/LOC111091586	final_score	0.5449	0.545
NC_051825.1	48906661	48959809	BBOX1/LOC111091586	final_score_percentile	80.5	80.7
NC_051825.1	51990876	52054339	LOC119864909/LOC119864867	atac_mean	0.42583837201617925	0.9452865907236396
NC_051825.1	51990876	52054339	LOC119864909/LOC119864867	atac_mean_percentile	0.011333333333333334	0.25866666666666666
NC_051825.1	51990876	52054339	LOC119864909/LOC119864867	atac_mean_narrow	0.1577117000333965	0.6856984186755575
NC_051825.1	51990876	52054339	LOC119864909/LOC119864867	atac_mean_narrow_percentile	0.009	0.0023333333333333335
NC_051825.1	51990876	52054339	LOC119864909/LOC119864867	atac_variability	0.04686606678703677	0.046866066858854125
NC_051826.1	1416239	1480570	LOC111091743/LOC111091793	atac_mean	1.0293682475379642	1.0297614932092682
NC_051826.1	1416239	1480570	LOC111091743/LOC111091793	atac_mean_percentile	0.592	0.5733333333333334
NC_051826.1	1416239	1480570	LOC111091743/LOC111091793	atac_mean_narrow	1.0593716915994882	1.0606904162408712
NC_051826.1	1416239	1480570	LOC111091743/LOC111091793	atac_mean_narrow_percentile	0.678	0.6666666666666666
NC_051826.1	1416239	1480570	LOC111091743/LOC111091793	atac_variability	0.05308621953851644	0.05308621988723539
NC_051826.1	1416239	1480570	LOC111091743/LOC111091793	score_stability_atac	0.4323	0.4327
NC_051826.1	1416239	1480570	LOC111091743/LOC111091793	final_score	0.4643	0.4644
NC_051826.1	5334971	5405776	ZC3H13/LOC111091811	atac_mean	1.04924558432297	1.051466040878773
NC_051826.1	5334971	5405776	ZC3H13/LOC111091811	atac_mean_percentile	0.6436666666666667	0.638
NC_051826.1	5334971	5405776	ZC3H13/LOC111091811	atac_mean_narrow	1.0766568449631333	1.0820598914395625
NC_051826.1	5334971	5405776	ZC3H13/LOC111091811	atac_mean_narrow_percentile	0.7063333333333334	0.7033333333333334
NC_051826.1	5334971	5405776	ZC3H13/LOC111091811	atac_variability	0.05400135283242508	0.05400135314163264
NC_051826.1	5334971	5405776	ZC3H13/LOC111091811	score_stability_atac	0.381	0.3807
NC_051826.1	5334971	5405776	ZC3H13/LOC111091811	final_score	0.3787	0.3786
NC_051826.1	10143251	10217071	LOC111091828/LOC100685259	atac_mean	1.0527625137952665	1.0570512123932907
NC_051826.1	10143251	10217071	LOC111091828/LOC100685259	atac_mean_percentile	0.6546666666666666	0.6526666666666666
NC_051826.1	10143251	10217071	LOC111091828/LOC100685259	atac_mean_narrow	1.0880242731451988	1.0880169436186553
NC_051826.1	10143251	10217071	LOC111091828/LOC100685259	atac_mean_narrow_percentile	0.7243333333333334	0.713
NC_051826.1	10143251	10217071	LOC111091828/LOC100685259	atac_variability	0.054630436467169675	0.05463043680700982
NC_051826.1	10143251	10217071	LOC111091828/LOC100685259	final_score_percentile	40.3	40.6
NC_051826.1	14184578	14251277	PCDH17/LOC119865129	atac_mean	0.9304050983819674	0.9314462001020345
NC_051826.1	14184578	14251277	PCDH17/LOC119865129	atac_mean_percentile	0.22133333333333333	0.18866666666666668
NC_051826.1	14184578	14251277	PCDH17/LOC119865129	atac_mean_narrow	0.9281946768075228	0.9281884234160185
NC_051826.1	14184578	14251277	PCDH17/LOC119865129	atac_mean_narrow_percentile	0.21566666666666667	0.18566666666666667
NC_051826.1	14184578	14251277	PCDH17/LOC119865129	atac_variability	0.04963139693389324	0.04963139734084257
NC_051826.1	14184578	14251277	PCDH17/LOC119865129	score_stability_atac	0.768	0.7683
NC_051826.1	14184578	14251277	PCDH17/LOC119865129	final_score	0.5903	0.5904
NC_051826.1	16687132	16738584	TDRD3/LOC100686550	atac_mean	1.0024758003383336	1.0039324503259508
NC_051826.1	16687132	16738584	TDRD3/LOC100686550	atac_mean_percentile	0.513	0.49833333333333335
NC_051826.1	16687132	16738584	TDRD3/LOC100686550	atac_mean_narrow	1.0131416787840426	1.0131348575748502
NC_051826.1	16687132	16738584	TDRD3/LOC100686550	atac_mean_narrow_percentile	0.5726666666666667	0.5553333333333333
NC_051826.1	16687132	16738584	TDRD3/LOC100686550	atac_variability	0.052255113199588296	0.05225511336405315
NC_051826.1	19596764	19663367	LOC100687588/LOC100687653	atac_mean	0.9221054939879649	0.9220992809588395
NC_051826.1	19596764	19663367	LOC100687588/LOC100687653	atac_mean_percentile	0.178	0.139
NC_051826.1	19596764	19663367	LOC100687588/LOC100687653	atac_mean_narrow	0.9298172083720565	0.9298109413832426
NC_051826.1	19596764	19663367	LOC100687588/LOC100687653	atac_mean_narrow_percentile	0.22266666666666668	0.19466666666666665
NC_051826.1	19596764	19663367	LOC100687588/LOC100687653	atac_variability	0.04859285216414593	0.04859285238646426
NC_051826.1	19596764	19663367	LOC100687588/LOC100687653	score_stability_atac	0.8977	0.898
NC_051826.1	19596764	19663367	LOC100687588/LOC100687653	final_score	0.5593	0.5594
NC_051826.1	19596764	19663367	LOC100687588/LOC100687653	final_score_percentile	83.1	83.3
NC_051826.1	27517646	27576124	KLF5/LOC100682890	atac_mean	0.9845020614592194	0.9866043504647313
NC_051826.1	27517646	27576124	KLF5/LOC100682890	atac_mean_percentile	0.4553333333333333	0.43866666666666665
NC_051826.1	27517646	27576124	KLF5/LOC100682890	atac_mean_narrow	0.9774381408020854	0.9774315580949188
NC_051826.1	27517646	27576124	KLF5/LOC100682890	atac_mean_narrow_percentile	0.44233333333333336	0.4226666666666667
NC_051826.1	27517646	27576124	KLF5/LOC100682890	atac_variability	0.051569202117675815	0.0515692023295918
NC_051826.1	29235878	29299159	LOC100684181/LOC111091654	atac_mean	0.9417672344962026	0.9417608882550469
NC_051826.1	29235878	29299159	LOC100684181/LOC111091654	atac_mean_percentile	0.27666666666666667	0.239
NC_051826.1	29235878	29299159	LOC100684181/LOC111091654	atac_mean_narrow	0.9419835629925132	0.9419772148787975
NC_051826.1	29235878	29299159	LOC100684181/LOC111091654	atac_mean_narrow_percentile	0.2836666666666667	0.25766666666666665
NC_051826.1	29235878	29299159	LOC100684181/LOC111091654	atac_variability	0.04893656461166801	0.04893656491811068
NC_051826.1	29235878	29299159	LOC100684181/LOC111091654	score_stability_atac	0.8587	0.8583
NC_051826.1	29235878	29299159	LOC100684181/LOC111091654	final_score	0.5532	0.5531
NC_051826.1	33638670	33695479	LOC106557558/SPRY2	atac_mean	0.9518696522420607	0.9522823132018231
NC_051826.1	33638670	33695479	LOC106557558/SPRY2	atac_mean_percentile	0.324	0.29333333333333333
NC_051826.1	33638670	33695479	LOC106557558/SPRY2	atac_mean_narrow	0.9462658296242357	0.9474437613675233
NC_051826.1	33638670	33695479	LOC106557558/SPRY2	atac_mean_narrow_percentile	0.30466666666666664	0.28633333333333333
NC_051826.1	33638670	33695479	LOC106557558/SPRY2	atac_variability	0.049362454857597736	0.0493624552214451
NC_051826.1	36431283	36491812	LOC100684683/LOC111091757	atac_mean	0.9366444878482155	0.9366381771910636
NC_051826.1	36431283	36491812	LOC100684683/LOC111091757	atac_mean_percentile	0.251	0.214
NC_051826.1	36431283	36491812	LOC100684683/LOC111091757	atac_mean_narrow	0.9223551112636924	0.9223488954842091
NC_051826.1	36431283	36491812	LOC100684683/LOC111091757	atac_mean_narrow_percentile	0.18833333333333332	0.15933333333333333
NC_051826.1	36431283	36491812	LOC100684683/LOC111091757	atac_variability	0.04945300157125466	0.04945300165463349
NC_051826.1	45865441	45937672	GPR180/SOX21	atac_mean	1.0038373365811981	1.0038305736176767
NC_051826.1	45865441	45937672	GPR180/SOX21	atac_mean_percentile	0.5166666666666667	0.49766666666666665
NC_051826.1	45865441	45937672	GPR180/SOX21	atac_mean_narrow	0.9967826999813318	0.9967759848922491
NC_051826.1	45865441	45937672	GPR180/SOX21	atac_mean_narrow_percentile	0.514	0.49766666666666665
NC_051826.1	45865441	45937672	GPR180/SOX21	atac_variability	0.051972647391135184	0.05197264760128628
NC_051826.1	45865441	45937672	GPR180/SOX21	score_stability_atac	0.5033	0.503
NC_051826.1	45865441	45937672	GPR180/SOX21	final_score	0.4969	0.4968
NC_051826.1	55453706	55512794	LOC100683697/LOC111091706	atac_mean	0.9906803782098248	0.9906737035049104
NC_051826.1	55453706	55512794	LOC100683697/LOC111091706	atac_mean_percentile	0.4736666666666667	0.451
NC_051826.1	55453706	55512794	LOC100683697/LOC111091706	atac_mean_narrow	1.0187502124160528	1.0187433467060327
NC_051826.1	55453706	55512794	LOC100683697/LOC111091706	atac_mean_narrow_percentile	0.586	0.5713333333333334
NC_051826.1	55453706	55512794	LOC100683697/LOC111091706	atac_variability	0.05195236885477423	0.05195236913943696
NC_051826.1	55453706	55512794	LOC100683697/LOC111091706	score_stability_atac	0.505	0.5053
NC_051826.1	55453706	55512794	LOC100683697/LOC111091706	final_score	0.3658	0.3659
NC_051826.1	55453706	55512794	LOC100683697/LOC111091706	final_score_percentile	25.4	25.8
NC_051826.1	55859005	55918918	LOC119865267/LOC119865154	atac_mean	0.9763543598576834	0.9771632660489802
NC_051826.1	55859005	55918918	LOC119865267/LOC119865154	atac_mean_percentile	0.4236666666666667	0.4003333333333333
NC_051826.1	55859005	55918918	LOC119865267/LOC119865154	atac_mean_narrow	0.9740646369501949	0.9740580743610859
NC_051826.1	55859005	55918918	LOC119865267/LOC119865154	atac_mean_narrow_percentile	0.43066666666666664	0.4126666666666667
NC_051826.1	55859005	55918918	LOC119865267/LOC119865154	atac_variability	0.05127163490355903	0.05127163496997294
NC_051826.1	55859005	55918918	LOC119865267/LOC119865154	score_stability_atac	0.5683	0.569
NC_051826.1	55859005	55918918	LOC119865267/LOC119865154	final_score	0.5148	0.5149
NC_051826.1	59581650	59643922	ING1/LOC119865109	veto_low_atac_accessibility	False	True
NC_051826.1	59581650	59643922	ING1/LOC119865109	atac_mean	1.018364392607669	1.019995499395334
NC_051826.1	59581650	59643922	ING1/LOC119865109	atac_mean_percentile	0.5606666666666666	0.5463333333333333
NC_051826.1	59581650	59643922	ING1/LOC119865109	atac_mean_narrow	1.0085687985613943	1.008562003800273
NC_051826.1	59581650	59643922	ING1/LOC119865109	atac_mean_narrow_percentile	0.5533333333333333	0.535
NC_051826.1	59581650	59643922	ING1/LOC119865109	atac_variability	0.05206023039638275	0.05206023072869289
NC_051826.1	59581650	59643922	ING1/LOC119865109	score_stability_atac	0.4967	0.496
NC_051826.1	59581650	59643922	ING1/LOC119865109	final_score	0.4033	0.4032
NC_051827.1	1109045	1172665	SYNDIG1/LOC100688361	atac_mean	1.0883790593218388	1.0892277673128286
NC_051827.1	1109045	1172665	SYNDIG1/LOC100688361	atac_mean_percentile	0.7283333333333334	0.717
NC_051827.1	1109045	1172665	SYNDIG1/LOC100688361	atac_mean_narrow	0.982393255520612	0.9848487569275954
NC_051827.1	1109045	1172665	SYNDIG1/LOC100688361	atac_mean_narrow_percentile	0.462	0.44966666666666666
NC_051827.1	1109045	1172665	SYNDIG1/LOC100688361	atac_variability	0.05582686016839206	0.05582686048678162
NC_051827.1	1109045	1172665	SYNDIG1/LOC100688361	score_stability_atac	0.3033	0.304
NC_051827.1	1109045	1172665	SYNDIG1/LOC100688361	final_score	0.3661	0.3662
NC_051827.1	1109045	1172665	SYNDIG1/LOC100688361	final_score_percentile	25.6	26.0
NC_051827.1	2619236	2673562	LOC100687334/LOC111091893	atac_mean	0.8760507789018078	0.9737297251798613
NC_051827.1	2619236	2673562	LOC100687334/LOC111091893	atac_mean_percentile	0.071	0.38866666666666666
NC_051827.1	2619236	2673562	LOC100687334/LOC111091893	atac_mean_narrow	1.0222923527494072	1.0222854659050704
NC_051827.1	2619236	2673562	LOC100687334/LOC111091893	atac_mean_narrow_percentile	0.5976666666666667	0.5843333333333334
NC_051827.1	2619236	2673562	LOC100687334/LOC111091893	atac_variability	0.05069272855864628	0.0506927285825817
NC_051827.1	3227875	3294390	LOC111091943/LOC119865296	atac_mean	1.0592957242101257	1.0624833068941222
NC_051827.1	3227875	3294390	LOC111091943/LOC119865296	atac_mean_percentile	0.671	0.6636666666666666
NC_051827.1	3227875	3294390	LOC111091943/LOC119865296	atac_mean_narrow	1.1560984701715409	1.1560906799897552
NC_051827.1	3227875	3294390	LOC111091943/LOC119865296	atac_mean_narrow_percentile	0.808	0.8013333333333333
NC_051827.1	3227875	3294390	LOC111091943/LOC119865296	atac_variability	0.05524207256889226	0.05524207283861764
NC_051827.1	3227875	3294390	LOC111091943/LOC119865296	score_stability_atac	0.3283	0.328
NC_051827.1	6808405	6874087	STAC/LOC100685633	atac_mean	0.9530330209885546	0.9566678865696004
NC_051827.1	6808405	6874087	STAC/LOC100685633	atac_mean_percentile	0.333	0.31533333333333335
NC_051827.1	6808405	6874087	STAC/LOC100685633	atac_mean_narrow	0.9674500712469221	0.9686543717312723
NC_051827.1	6808405	6874087	STAC/LOC100685633	atac_mean_narrow_percentile	0.402	0.386
NC_051827.1	6808405	6874087	STAC/LOC100685633	atac_variability	0.04929879007444807	0.04929879008528541
NC_051827.1	6808405	6874087	STAC/LOC100685633	score_stability_atac	0.8173	0.8167
NC_051827.1	6808405	6874087	STAC/LOC100685633	final_score	0.4103	0.4102
NC_051827.1	10487084	10553541	LOC111091857/LOC106557623	atac_mean	1.0232335317427603	1.023226638471915
NC_051827.1	10487084	10553541	LOC111091857/LOC106557623	atac_mean_percentile	0.5733333333333334	0.555
NC_051827.1	10487084	10553541	LOC111091857/LOC106557623	atac_mean_narrow	1.0360999083921314	1.0360929289087653
NC_051827.1	10487084	10553541	LOC111091857/LOC106557623	atac_mean_narrow_percentile	0.631	0.6166666666666667
NC_051827.1	10487084	10553541	LOC111091857/LOC106557623	atac_variability	0.05128183348534669	0.05128183374565511
NC_051827.1	10487084	10553541	LOC111091857/LOC106557623	score_stability_atac	0.5677	0.5683
NC_051827.1	10487084	10553541	LOC111091857/LOC106557623	final_score	0.5134	0.5135
NC_051827.1	10487084	10553541	LOC111091857/LOC106557623	final_score_percentile	72.2	72.0
NC_051827.1	23551824	23607775	LOC111091912/LOC119865327	atac_mean	0.9360280462695039	0.9360217399604497
NC_051827.1	23551824	23607775	LOC111091912/LOC119865327	atac_mean_percentile	0.248	0.21133333333333335
NC_051827.1	23551824	23607775	LOC111091912/LOC119865327	atac_mean_narrow	0.9334529413759708	0.9334466498568654
NC_051827.1	23551824	23607775	LOC111091912/LOC119865327	atac_mean_narrow_percentile	0.244	0.218
NC_051827.1	23551824	23607775	LOC111091912/LOC119865327	atac_variability	0.04928398421344207	0.04928398430307089
NC_051827.1	23551824	23607775	LOC111091912/LOC119865327	final_score_percentile	81.6	81.8
NC_051827.1	29008575	29073911	NUDT16/MRPL3	atac_mean	1.042093700763407	1.044885365477005
NC_051827.1	29008575	29073911	NUDT16/MRPL3	atac_mean_percentile	0.6276666666666667	0.6213333333333333
NC_051827.1	29008575	29073911	NUDT16/MRPL3	atac_mean_narrow	1.022589163632691	1.0225822733968497
NC_051827.1	29008575	29073911	NUDT16/MRPL3	atac_mean_narrow_percentile	0.598	0.5843333333333334
NC_051827.1	29008575	29073911	NUDT16/MRPL3	atac_variability	0.054004138554968065	0.05400413883575013
NC_051827.1	29008575	29073911	NUDT16/MRPL3	score_stability_atac	0.381	0.3807
NC_051827.1	29008575	29073911	NUDT16/MRPL3	final_score	0.4117	0.4116
NC_051827.1	34198197	34269938	LOC111091952/LOC119865310	atac_mean	0.9684816915384808	0.9715221326122485
NC_051827.1	34198197	34269938	LOC111091952/LOC119865310	atac_mean_percentile	0.39666666666666667	0.38233333333333336
NC_051827.1	34198197	34269938	LOC111091952/LOC119865310	atac_mean_narrow	0.9551006003141403	0.9574878858982172
NC_051827.1	34198197	34269938	LOC111091952/LOC119865310	atac_mean_narrow_percentile	0.3416666666666667	0.329
NC_051827.1	34198197	34269938	LOC111091952/LOC119865310	atac_variability	0.05120225030771828	0.05120225054435565
NC_051827.1	34198197	34269938	LOC111091952/LOC119865310	score_stability_atac	0.576	0.5763
NC_051827.1	34198197	34269938	LOC111091952/LOC119865310	final_score_percentile	87.9	87.6
NC_051827.1	34370653	34427811	LOC111091954/LOC119865330	atac_mean	0.9580304606325035	0.9580240065289338
NC_051827.1	34370653	34427811	LOC111091954/LOC119865330	atac_mean_percentile	0.354	0.31933333333333336
NC_051827.1	34370653	34427811	LOC111091954/LOC119865330	atac_mean_narrow	0.9704064733147622	0.9703999369159341
NC_051827.1	34370653	34427811	LOC111091954/LOC119865330	atac_mean_narrow_percentile	0.4156666666666667	0.3923333333333333
NC_051827.1	34370653	34427811	LOC111091954/LOC119865330	atac_variability	0.05070917120055363	0.05070917140412871
NC_051827.1	39231375	39301877	CHST2/LOC100688497	atac_mean	1.0844955155937956	1.0844882103636675
NC_051827.1	39231375	39301877	CHST2/LOC100688497	atac_mean_percentile	0.7173333333333334	0.7043333333333334
NC_051827.1	39231375	39301877	CHST2/LOC100688497	atac_mean_narrow	1.094153019836545	1.0941456502109765
NC_051827.1	39231375	39301877	CHST2/LOC100688497	atac_mean_narrow_percentile	0.7296666666666667	0.7206666666666667
NC_051827.1	39231375	39301877	CHST2/LOC100688497	atac_variability	0.05616643070937478	0.05616643114771805
NC_051827.1	45474517	45526737	LOC100855515/LOC119865420	atac_mean	1.0206105550619113	1.0206036803772376
NC_051827.1	45474517	45526737	LOC100855515/LOC119865420	atac_mean_percentile	0.5676666666666667	0.548
NC_051827.1	45474517	45526737	LOC100855515/LOC119865420	atac_mean_narrow	0.9843740366220475	0.9843674056038261
NC_051827.1	45474517	45526737	LOC100855515/LOC119865420	atac_mean_narrow_percentile	0.4673333333333333	0.449
NC_051827.1	45474517	45526737	LOC100855515/LOC119865420	atac_variability	0.05272355034400943	0.05272355066012764
NC_051827.1	45474517	45526737	LOC100855515/LOC119865420	score_stability_atac	0.4497	0.45
NC_051828.1	11487994	11545704	LOC119865622/LOC111092144	atac_mean	0.9774285782511365	0.9799691322554082
NC_051828.1	11487994	11545704	LOC119865622/LOC111092144	atac_mean_percentile	0.4266666666666667	0.412
NC_051828.1	11487994	11545704	LOC119865622/LOC111092144	atac_mean_narrow	0.9666556107982993	0.9739537513128456
NC_051828.1	11487994	11545704	LOC119865622/LOC111092144	atac_mean_narrow_percentile	0.3973333333333333	0.41233333333333333
NC_051828.1	11487994	11545704	LOC119865622/LOC111092144	atac_variability	0.0504108448586903	0.050410845144518455
NC_051828.1	16606256	16661497	GPCPD1/LOC119865589	veto_low_atac_accessibility	True	False
NC_051828.1	16606256	16661497	GPCPD1/LOC119865589	atac_mean	0.9053283619236734	1.1660000272200297
NC_051828.1	16606256	16661497	GPCPD1/LOC119865589	atac_mean_percentile	0.116	0.8213333333333334
NC_051828.1	16606256	16661497	GPCPD1/LOC119865589	atac_mean_narrow	1.0012950743630529	1.2439136971201288
NC_051828.1	16606256	16661497	GPCPD1/LOC119865589	atac_mean_narrow_percentile	0.5276666666666666	0.8753333333333333
NC_051828.1	16606256	16661497	GPCPD1/LOC119865589	atac_variability	0.06124703006957706	0.06124703058395052
NC_051828.1	19302591	19370767	LOC111092201/STK35	atac_mean	1.1196165546054462	1.1196090115854556
NC_051828.1	19302591	19370767	LOC111092201/STK35	atac_mean_percentile	0.773	0.763
NC_051828.1	19302591	19370767	LOC111092201/STK35	atac_mean_narrow	1.0733802450954915	1.0733730153098702
NC_051828.1	19302591	19370767	LOC111092201/STK35	atac_mean_narrow_percentile	0.701	0.6913333333333334
NC_051828.1	19302591	19370767	LOC111092201/STK35	atac_variability	0.05579679549693282	0.05579679604443993
NC_051828.1	19302591	19370767	LOC111092201/STK35	score_stability_atac	0.3037	0.3043
NC_051828.1	19302591	19370767	LOC111092201/STK35	final_score	0.5133	0.5135
NC_051828.1	19302591	19370767	LOC111092201/STK35	final_score_percentile	71.8	72.0
NC_051828.1	26717079	26778334	SRC/LOC111092200	atac_mean	1.2498736967639859	1.2529334365858227
NC_051828.1	26717079	26778334	SRC/LOC111092200	atac_mean_percentile	0.8966666666666666	0.897
NC_051828.1	26717079	26778334	SRC/LOC111092200	atac_mean_narrow	1.2015919678814708	1.2106638544362498
NC_051828.1	26717079	26778334	SRC/LOC111092200	atac_mean_narrow_percentile	0.8453333333333334	0.8483333333333334
NC_051828.1	26717079	26778334	SRC/LOC111092200	atac_variability	0.06509639076109715	0.06509639119891635
NC_051828.1	36042329	36111036	LOC119865683/PREX1	atac_mean	1.1622208521874642	1.1733131087680497
NC_051828.1	36042329	36111036	LOC119865683/PREX1	atac_mean_percentile	0.82	0.829
NC_051828.1	36042329	36111036	LOC119865683/PREX1	atac_mean_narrow	1.1533449797078967	1.1562277826509977
NC_051828.1	36042329	36111036	LOC119865683/PREX1	atac_mean_narrow_percentile	0.805	0.8013333333333333
NC_051828.1	36042329	36111036	LOC119865683/PREX1	atac_variability	0.05979985694475794	0.059799857379799704
NC_051828.1	36042329	36111036	LOC119865683/PREX1	score_stability_atac	0.2	0.2007
NC_051828.1	36042329	36111036	LOC119865683/PREX1	final_score	0.3122	0.3124
NC_051828.1	36665388	36721820	LOC111092109/KCNB1	atac_mean	1.168026625440169	1.1711317044681973
NC_051828.1	36665388	36721820	LOC111092109/KCNB1	atac_mean_percentile	0.828	0.8266666666666667
NC_051828.1	36665388	36721820	LOC111092109/KCNB1	atac_mean_narrow	1.1378954811453819	1.1450443459029467
NC_051828.1	36665388	36721820	LOC111092109/KCNB1	atac_mean_narrow_percentile	0.788	0.789
NC_051828.1	36665388	36721820	LOC111092109/KCNB1	atac_variability	0.06082446364028399	0.06082446413678916
NC_051828.1	36665388	36721820	LOC111092109/KCNB1	score_stability_atac	0.1777	0.178
NC_051828.1	36665388	36721820	LOC111092109/KCNB1	final_score	0.2593	0.2594
NC_051828.1	37513357	37574621	LOC119865562/LOC102152659	atac_mean	1.326610504677794	1.3358687439091756
NC_051828.1	37513357	37574621	LOC119865562/LOC102152659	atac_mean_percentile	0.9393333333333334	0.9403333333333334
NC_051828.1	37513357	37574621	LOC119865562/LOC102152659	atac_mean_narrow	1.4380018238276244	1.454353615375596
NC_051828.1	37513357	37574621	LOC119865562/LOC102152659	atac_mean_narrow_percentile	0.9453333333333334	0.948
NC_051828.1	37513357	37574621	LOC119865562/LOC102152659	atac_variability	0.07044846751038805	0.07044846796709964
NC_051828.1	37513357	37574621	LOC119865562/LOC102152659	score_stability_atac	0.062	0.0623
NC_051828.1	37513357	37574621	LOC119865562/LOC102152659	final_score	0.3151	0.3152
NC_051828.1	40064815	40121938	TSHZ2/ZNF217	atac_mean	1.08662318737173	1.0899550148281412
NC_051828.1	40064815	40121938	TSHZ2/ZNF217	atac_mean_percentile	0.7223333333333334	0.7176666666666667
NC_051828.1	40064815	40121938	TSHZ2/ZNF217	atac_mean_narrow	1.0736890647292137	1.0750256125709141
NC_051828.1	40064815	40121938	TSHZ2/ZNF217	atac_mean_narrow_percentile	0.701	0.6926666666666667
NC_051828.1	40064815	40121938	TSHZ2/ZNF217	atac_variability	0.05602683267473131	0.056026832839634784
NC_051828.1	40064815	40121938	TSHZ2/ZNF217	score_stability_atac	0.2957	0.296
NC_051828.1	40064815	40121938	TSHZ2/ZNF217	final_score	0.3406	0.3407
NC_051828.1	42475068	42526723	LOC611771/LOC119865771	atac_mean	1.108938092027372	1.114323729236654
NC_051828.1	42475068	42526723	LOC611771/LOC119865771	atac_mean_percentile	0.7566666666666667	0.754
NC_051828.1	42475068	42526723	LOC611771/LOC119865771	atac_mean_narrow	1.102182178363204	1.1161263345238528
NC_051828.1	42475068	42526723	LOC611771/LOC119865771	atac_mean_narrow_percentile	0.7443333333333333	0.7526666666666667
NC_051828.1	42475068	42526723	LOC611771/LOC119865771	atac_variability	0.056183808914332445	0.0561838094880257
NC_051828.1	42745535	42819449	LOC119865786/LOC119865699	atac_mean	0.22939000972482	0.8336210713948793
NC_051828.1	42745535	42819449	LOC119865786/LOC119865699	atac_mean_percentile	0.005	0.013
NC_051828.1	42745535	42819449	LOC119865786/LOC119865699	atac_mean_narrow	0.10895557314157486	0.8381141478625628
NC_051828.1	42745535	42819449	LOC119865786/LOC119865699	atac_mean_narrow_percentile	0.007	0.023
NC_051828.1	42745535	42819449	LOC119865786/LOC119865699	atac_variability	0.03824021790903803	0.03824021795483868
NC_051829.1	326595	381037	THSD1/LOC100684545	atac_mean	0.9588930772908342	0.9606511576129907
NC_051829.1	326595	381037	THSD1/LOC100684545	atac_mean_percentile	0.35833333333333334	0.33366666666666667
NC_051829.1	326595	381037	THSD1/LOC100684545	atac_mean_narrow	1.00410641707927	1.0040996550828218
NC_051829.1	326595	381037	THSD1/LOC100684545	atac_mean_narrow_percentile	0.5403333333333333	0.5213333333333333
NC_051829.1	326595	381037	THSD1/LOC100684545	atac_variability	0.05013787111631511	0.050137871222816766
NC_051829.1	326595	381037	THSD1/LOC100684545	score_stability_atac	0.6993	0.6997
NC_051829.1	326595	381037	THSD1/LOC100684545	final_score	0.4486	0.4487
NC_051829.1	804447	863659	FOXO1/LOC102153908	atac_mean	1.0334800289496995	1.033473067117224
NC_051829.1	804447	863659	FOXO1/LOC102153908	atac_mean_percentile	0.6056666666666667	0.5853333333333334
NC_051829.1	804447	863659	FOXO1/LOC102153908	atac_mean_narrow	0.9665474321767688	0.9665409212201834
NC_051829.1	804447	863659	FOXO1/LOC102153908	atac_mean_narrow_percentile	0.3973333333333333	0.376
NC_051829.1	804447	863659	FOXO1/LOC102153908	atac_variability	0.05223073060634682	0.05223073081681531
NC_051829.1	9416764	9476935	LOC119865997/LOC119865829	veto_low_atac_accessibility	True	False
NC_051829.1	9416764	9476935	LOC119865997/LOC119865829	atac_mean	0.8752393288580053	1.1588186201911332
NC_051829.1	9416764	9476935	LOC119865997/LOC119865829	atac_mean_percentile	0.06933333333333333	0.8093333333333333
NC_051829.1	9416764	9476935	LOC119865997/LOC119865829	atac_mean_narrow	0.5387792288556695	1.1711240072147884
NC_051829.1	9416764	9476935	LOC119865997/LOC119865829	atac_mean_narrow_percentile	0.027666666666666666	0.8176666666666667
NC_051829.1	9416764	9476935	LOC119865997/LOC119865829	atac_variability	0.06323160431085727	0.06323160470706145
NC_051829.1	12228903	12283288	LOC106557742/LOC102153058	atac_mean	1.0645519214199453	1.0660148452376819
NC_051829.1	12228903	12283288	LOC106557742/LOC102153058	atac_mean_percentile	0.6826666666666666	0.6706666666666666
NC_051829.1	12228903	12283288	LOC106557742/LOC102153058	atac_mean_narrow	1.0787184554934501	1.078711189776659
NC_051829.1	12228903	12283288	LOC106557742/LOC102153058	atac_mean_narrow_percentile	0.71	0.6993333333333334
NC_051829.1	12228903	12283288	LOC106557742/LOC102153058	atac_variability	0.05472961566752795	0.05472961611245601
NC_051829.1	12228903	12283288	LOC106557742/LOC102153058	score_stability_atac	0.352	0.3513
NC_051829.1	12228903	12283288	LOC106557742/LOC102153058	final_score	0.308	0.3079
NC_051829.1	16583402	16638128	LOC119865834/LOC106557750	veto_low_atac_accessibility	False	True
NC_051829.1	16583402	16638128	LOC119865834/LOC106557750	atac_mean	1.0186854734038224	1.0186786109167238
NC_051829.1	16583402	16638128	LOC119865834/LOC106557750	atac_mean_percentile	0.5613333333333334	0.5436666666666666
NC_051829.1	16583402	16638128	LOC119865834/LOC106557750	atac_mean_narrow	1.0333747155442834	1.03336775097996
NC_051829.1	16583402	16638128	LOC119865834/LOC106557750	atac_mean_narrow_percentile	0.6236666666666667	0.6113333333333333
NC_051829.1	16583402	16638128	LOC119865834/LOC106557750	atac_variability	0.052078224758018245	0.052078225051364606
NC_051829.1	16583402	16638128	LOC119865834/LOC106557750	score_stability_atac	0.4963	0.4953
NC_051829.1	16583402	16638128	LOC119865834/LOC106557750	final_score	0.3958	0.3956
NC_051829.1	20424770	20475505	LOC111092453/NEK1	atac_mean	0.9152593100565554	0.9355367852356711
NC_051829.1	20424770	20475505	LOC111092453/NEK1	atac_mean_percentile	0.14966666666666667	0.20933333333333334
NC_051829.1	20424770	20475505	LOC111092453/NEK1	atac_mean_narrow	0.9375218153841793	0.9386888632763909
NC_051829.1	20424770	20475505	LOC111092453/NEK1	atac_mean_narrow_percentile	0.26033333333333336	0.23866666666666667
NC_051829.1	20424770	20475505	LOC111092453/NEK1	atac_variability	0.04998039366221846	0.04998039407484834
NC_051829.1	20424770	20475505	LOC111092453/NEK1	score_stability_atac	0.7197	0.7193
NC_051829.1	34024080	34083975	NKX3-1/LOC111092402	atac_mean	1.0280164196615835	1.0280094949542724
NC_051829.1	34024080	34083975	NKX3-1/LOC111092402	atac_mean_percentile	0.5856666666666667	0.5676666666666667
NC_051829.1	34024080	34083975	NKX3-1/LOC111092402	atac_mean_narrow	1.044115250429511	1.0441082153111696
NC_051829.1	34024080	34083975	NKX3-1/LOC111092402	atac_mean_narrow_percentile	0.646	0.634
NC_051829.1	34024080	34083975	NKX3-1/LOC111092402	atac_variability	0.05464437152925505	0.05464437199495524
NC_051829.1	40554664	40610407	AGFG1/LOC486150	atac_mean	1.0342934526356193	1.0375437577325597
NC_051829.1	40554664	40610407	AGFG1/LOC486150	atac_mean_percentile	0.6073333333333333	0.5976666666666667
NC_051829.1	40554664	40610407	AGFG1/LOC486150	atac_mean_narrow	1.0437322263717652	1.0476538988472976
NC_051829.1	40554664	40610407	AGFG1/LOC486150	atac_mean_narrow_percentile	0.6456666666666667	0.6443333333333333
NC_051829.1	40554664	40610407	AGFG1/LOC486150	atac_variability	0.05401803496117415	0.05401803543046191
NC_051829.1	45854728	45924770	LOC119866032/LOC119865861	atac_mean	1.2336619491367262	1.234976034524304
NC_051829.1	45854728	45924770	LOC119866032/LOC119865861	atac_mean_percentile	0.8816666666666667	0.8786666666666667
NC_051829.1	45854728	45924770	LOC119866032/LOC119865861	atac_mean_narrow	1.1279400842055678	1.132178153400888
NC_051829.1	45854728	45924770	LOC119866032/LOC119865861	atac_mean_narrow_percentile	0.7763333333333333	0.7733333333333333
NC_051829.1	45854728	45924770	LOC119866032/LOC119865861	atac_variability	0.06586033664803838	0.06586033710124727
NC_051829.1	46659216	46733469	LOC111092437/LOC119865863	atac_mean	1.1256790752716117	1.125671492345954
NC_051829.1	46659216	46733469	LOC111092437/LOC119865863	atac_mean_percentile	0.7806666666666666	0.7716666666666666
NC_051829.1	46659216	46733469	LOC111092437/LOC119865863	atac_mean_narrow	1.1888663996487856	1.1888583895474671
NC_051829.1	46659216	46733469	LOC111092437/LOC119865863	atac_mean_narrow_percentile	0.836	0.8303333333333334
NC_051829.1	46659216	46733469	LOC111092437/LOC119865863	atac_variability	0.0571359560195987	0.05713595606837193
NC_051829.1	46659216	46733469	LOC111092437/LOC119865863	score_stability_atac	0.2637	0.264
NC_051829.1	46659216	46733469	LOC111092437/LOC119865863	final_score_percentile	48.2	48.4
NC_051830.1	3084750	3142913	SLC15A4/TMEM132C	atac_mean	1.112317303947821	1.1166294249443796
NC_051830.1	3084750	3142913	SLC15A4/TMEM132C	atac_mean_percentile	0.7606666666666667	0.7576666666666667
NC_051830.1	3084750	3142913	SLC15A4/TMEM132C	atac_mean_narrow	1.0558058665916323	1.067811636246562
NC_051830.1	3084750	3142913	SLC15A4/TMEM132C	atac_mean_narrow_percentile	0.6703333333333333	0.6806666666666666
NC_051830.1	3084750	3142913	SLC15A4/TMEM132C	atac_variability	0.05691075108630431	0.05691075137342177
NC_051830.1	4496506	4546999	LOC119866086/LOC477441	atac_mean	1.031675751050417	1.0321798534685782
NC_051830.1	4496506	4546999	LOC119866086/LOC477441	atac_mean_percentile	0.601	0.581
NC_051830.1	4496506	4546999	LOC119866086/LOC477441	atac_mean_narrow	1.0600897552996873	1.0600826177358627
NC_051830.1	4496506	4546999	LOC119866086/LOC477441	atac_mean_narrow_percentile	0.678	0.666
NC_051830.1	4496506	4546999	LOC119866086/LOC477441	atac_variability	0.05198927029201532	0.05198927047777
NC_051830.1	4496506	4546999	LOC119866086/LOC477441	score_stability_atac	0.5027	0.5023
NC_051830.1	4496506	4546999	LOC119866086/LOC477441	final_score_percentile	51.0	50.8
NC_051830.1	12974593	13028567	LOC119866092/MED13L	atac_mean	1.3386428679411058	1.3386338513769551
NC_051830.1	12974593	13028567	LOC119866092/MED13L	atac_mean_percentile	0.942	0.9406666666666667
NC_051830.1	12974593	13028567	LOC119866092/MED13L	atac_mean_narrow	1.6138474927842617	1.6138366220146418
NC_051830.1	12974593	13028567	LOC119866092/MED13L	atac_mean_narrow_percentile	0.9706666666666667	0.9703333333333334
NC_051830.1	12974593	13028567	LOC119866092/MED13L	atac_variability	0.07733643824398113	0.07733643875359096
NC_051830.1	17193803	17254161	LOC119866085/LOC119866121	atac_mean	0.5619906194172566	0.8765641062393587
NC_051830.1	17193803	17254161	LOC119866085/LOC119866121	atac_mean_percentile	0.017666666666666667	0.03
NC_051830.1	17193803	17254161	LOC119866085/LOC119866121	atac_mean_narrow	0.6512567170798779	0.881559837777199
NC_051830.1	17193803	17254161	LOC119866085/LOC119866121	atac_mean_narrow_percentile	0.030666666666666665	0.04466666666666667
NC_051830.1	17193803	17254161	LOC119866085/LOC119866121	atac_variability	0.04437359859970576	0.04437359894997125
NC_051830.1	20964282	21018696	LOC119866095/LOC119866096	atac_mean	1.0843248356859534	1.0843175304085197
NC_051830.1	20964282	21018696	LOC119866095/LOC119866096	atac_mean_percentile	0.7173333333333334	0.7043333333333334
NC_051830.1	20964282	21018696	LOC119866095/LOC119866096	atac_mean_narrow	1.100985630246997	1.100978211069107
NC_051830.1	20964282	21018696	LOC119866095/LOC119866096	atac_mean_narrow_percentile	0.7416666666666667	0.7306666666666667
NC_051830.1	20964282	21018696	LOC119866095/LOC119866096	atac_variability	0.05432118485329921	0.05432118506145787
NC_051830.1	37136455	37205993	LOC106557850/LOC102154823	atac_mean	1.0065174298516035	1.0112368687026039
NC_051830.1	37136455	37205993	LOC106557850/LOC102154823	atac_mean_percentile	0.5273333333333333	0.525
NC_051830.1	37136455	37205993	LOC106557850/LOC102154823	atac_mean_narrow	1.0037843596503138	1.0037775933563708
NC_051830.1	37136455	37205993	LOC106557850/LOC102154823	atac_mean_narrow_percentile	0.54	0.521
NC_051830.1	37136455	37205993	LOC106557850/LOC102154823	atac_variability	0.05240397562888698	0.05240397596598792
NC_051831.1	11296029	11362267	LOC106557871/LOC111092904	atac_mean	0.942493436743945	0.9431990628006517
NC_051831.1	11296029	11362267	LOC106557871/LOC111092904	atac_mean_percentile	0.2803333333333333	0.24533333333333332
NC_051831.1	11296029	11362267	LOC106557871/LOC111092904	atac_mean_narrow	0.967939944255352	0.9679334208369255
NC_051831.1	11296029	11362267	LOC106557871/LOC111092904	atac_mean_narrow_percentile	0.4046666666666667	0.382
NC_051831.1	11296029	11362267	LOC106557871/LOC111092904	atac_variability	0.05009335442995188	0.050093354645987444
NC_051831.1	11296029	11362267	LOC106557871/LOC111092904	score_stability_atac	0.7053	0.7057
NC_051831.1	12006551	12065044	GXYLT1/LOC111092835	atac_mean	1.0068677594689104	1.0094496187198037
NC_051831.1	12006551	12065044	GXYLT1/LOC111092835	atac_mean_percentile	0.5286666666666666	0.52
NC_051831.1	12006551	12065044	GXYLT1/LOC111092835	atac_mean_narrow	1.0011654322162271	1.0011586866274476
NC_051831.1	12006551	12065044	GXYLT1/LOC111092835	atac_mean_narrow_percentile	0.5276666666666666	0.511
NC_051831.1	12006551	12065044	GXYLT1/LOC111092835	atac_variability	0.05278799821402575	0.05278799855791786
NC_051831.1	13274723	13345552	NA/MUC19	atac_mean	0.807103897767433	0.9124365831553282
NC_051831.1	13274723	13345552	NA/MUC19	atac_mean_percentile	0.036333333333333336	0.09533333333333334
NC_051831.1	13274723	13345552	NA/MUC19	atac_mean_narrow	0.9223826381720602	0.9223764244705439
NC_051831.1	13274723	13345552	NA/MUC19	atac_mean_narrow_percentile	0.18833333333333332	0.15966666666666668
NC_051831.1	13274723	13345552	NA/MUC19	atac_variability	0.0483888823969027	0.04838888239432612
NC_051831.1	17823426	17886691	IPO8/LOC100685338	atac_mean	0.915242089262727	0.9431894571659503
NC_051831.1	17823426	17886691	IPO8/LOC100685338	atac_mean_percentile	0.14966666666666667	0.24533333333333332
NC_051831.1	17823426	17886691	IPO8/LOC100685338	atac_mean_narrow	0.9389388956815005	0.9389325720861554
NC_051831.1	17823426	17886691	IPO8/LOC100685338	atac_mean_narrow_percentile	0.268	0.24066666666666667
NC_051831.1	17823426	17886691	IPO8/LOC100685338	atac_variability	0.04920141535493482	0.04920141558266434
NC_051831.1	32573520	32640058	LOC102155441/LOC100685365	atac_mean	1.0617571647453001	1.0621490893359042
NC_051831.1	32573520	32640058	LOC102155441/LOC100685365	atac_mean_percentile	0.676	0.6623333333333333
NC_051831.1	32573520	32640058	LOC102155441/LOC100685365	atac_mean_narrow	1.0827932454690337	1.0841411273395911
NC_051831.1	32573520	32640058	LOC102155441/LOC100685365	atac_mean_narrow_percentile	0.7156666666666667	0.7063333333333334
NC_051831.1	32573520	32640058	LOC102155441/LOC100685365	atac_variability	0.05511575467091349	0.055115755008616464
NC_051831.1	39677324	39739751	ANO2/NTF3	atac_mean	1.0962177455527424	1.0979691645086613
NC_051831.1	39677324	39739751	ANO2/NTF3	atac_mean_percentile	0.7366666666666667	0.727
NC_051831.1	39677324	39739751	ANO2/NTF3	atac_mean_narrow	1.0570188698232175	1.0570117458224297
NC_051831.1	39677324	39739751	ANO2/NTF3	atac_mean_narrow_percentile	0.673	0.6593333333333333
NC_051831.1	39677324	39739751	ANO2/NTF3	atac_variability	0.0557593080346994	0.055759308393499234
NC_051831.1	39677324	39739751	ANO2/NTF3	score_stability_atac	0.305	0.3053
NC_051831.1	39677324	39739751	ANO2/NTF3	final_score	0.5072	0.5073
NC_051831.1	39677324	39739751	ANO2/NTF3	final_score_percentile	69.8	70.1
NC_051831.1	40299441	40358999	LOC119866433/GALNT8	atac_mean	1.0107005257332733	1.0115429248342538
NC_051831.1	40299441	40358999	LOC119866433/GALNT8	atac_mean_percentile	0.5406666666666666	0.5263333333333333
NC_051831.1	40299441	40358999	LOC119866433/GALNT8	atac_mean_narrow	0.9775895814225077	0.9775829955115914
NC_051831.1	40299441	40358999	LOC119866433/GALNT8	atac_mean_narrow_percentile	0.443	0.423
NC_051831.1	40299441	40358999	LOC119866433/GALNT8	atac_variability	0.05204727117742468	0.05204727135489624
NC_051831.1	40299441	40358999	LOC119866433/GALNT8	score_stability_atac	0.497	0.4963
NC_051831.1	40299441	40358999	LOC119866433/GALNT8	final_score	0.5979	0.5977
NC_051832.1	2510899	2563279	NA/OR6D5	atac_mean	0.8901890778584807	0.8957408463768285
NC_051832.1	2510899	2563279	NA/OR6D5	atac_mean_percentile	0.088	0.05266666666666667
NC_051832.1	2510899	2563279	NA/OR6D5	atac_mean_narrow	0.8989129544988275	0.9114391885374888
NC_051832.1	2510899	2563279	NA/OR6D5	atac_mean_narrow_percentile	0.10533333333333333	0.11166666666666666
NC_051832.1	2510899	2563279	NA/OR6D5	atac_variability	0.047430789063926206	0.04743078925403476
NC_051832.1	6155210	6215233	LOC119866635/LOC106557967	atac_mean	1.0392960363603443	1.0397220869608876
NC_051832.1	6155210	6215233	LOC119866635/LOC106557967	atac_mean_percentile	0.6193333333333333	0.604
NC_051832.1	6155210	6215233	LOC119866635/LOC106557967	atac_mean_narrow	0.9626787263564766	0.9626722405917942
NC_051832.1	6155210	6215233	LOC119866635/LOC106557967	atac_mean_narrow_percentile	0.38266666666666665	0.361
NC_051832.1	6155210	6215233	LOC119866635/LOC106557967	atac_variability	0.0540542524762859	0.054054252785601144
NC_051832.1	24424569	24481957	LOC100855860/LOC111093048	atac_mean	1.1542009451681874	1.154193169773539
NC_051832.1	24424569	24481957	LOC100855860/LOC111093048	atac_mean_percentile	0.8086666666666666	0.8033333333333333
NC_051832.1	24424569	24481957	LOC100855860/LOC111093048	atac_mean_narrow	1.2049482108786702	1.2049400931671261
NC_051832.1	24424569	24481957	LOC100855860/LOC111093048	atac_mean_narrow_percentile	0.848	0.844
NC_051832.1	24424569	24481957	LOC100855860/LOC111093048	atac_variability	0.06118274939972151	0.06118274969026078
NC_051832.1	24424569	24481957	LOC100855860/LOC111093048	score_stability_atac	0.1697	0.17
NC_051832.1	24424569	24481957	LOC100855860/LOC111093048	final_score	0.3867	0.3868
NC_051832.1	24424569	24481957	LOC100855860/LOC111093048	final_score_percentile	33.4	33.6
NC_051832.1	25443005	25493730	ADRB1/CCDC186	atac_mean	1.1247218848802352	1.1247143090858196
NC_051832.1	25443005	25493730	ADRB1/CCDC186	atac_mean_percentile	0.7796666666666666	0.77
NC_051832.1	25443005	25493730	ADRB1/CCDC186	atac_mean_narrow	1.122788459827006	1.1227808963745833
NC_051832.1	25443005	25493730	ADRB1/CCDC186	atac_mean_narrow_percentile	0.771	0.7623333333333333
NC_051832.1	25443005	25493730	ADRB1/CCDC186	atac_variability	0.05934859787534621	0.0593485983307207
NC_051832.1	25443005	25493730	ADRB1/CCDC186	score_stability_atac	0.2097	0.2093
NC_051832.1	25443005	25493730	ADRB1/CCDC186	final_score	0.4829	0.4828
NC_051832.1	34214445	34267922	LOC111093045/LOC119866531	atac_mean	1.1615906889778755	1.1632142369683363
NC_051832.1	34214445	34267922	LOC111093045/LOC119866531	atac_mean_percentile	0.819	0.8173333333333334
NC_051832.1	34214445	34267922	LOC111093045/LOC119866531	atac_mean_narrow	1.2292964701235294	1.2292881889641285
NC_051832.1	34214445	34267922	LOC111093045/LOC119866531	atac_mean_narrow_percentile	0.8693333333333333	0.865
NC_051832.1	34214445	34267922	LOC111093045/LOC119866531	atac_variability	0.0610972727389795	0.061097272945932306
NC_051833.1	357464	431756	UBE2V2/LOC100856084	atac_mean	0.9183210330027304	0.9354519538394522
NC_051833.1	357464	431756	UBE2V2/LOC100856084	atac_mean_percentile	0.162	0.209
NC_051833.1	357464	431756	UBE2V2/LOC100856084	atac_mean_narrow	0.8956734085828066	0.900168212566843
NC_051833.1	357464	431756	UBE2V2/LOC100856084	atac_mean_narrow_percentile	0.098	0.074
NC_051833.1	357464	431756	UBE2V2/LOC100856084	atac_variability	0.04897529275049466	0.04897529295104064
NC_051833.1	357464	431756	UBE2V2/LOC100856084	score_stability_atac	0.8547	0.8543
NC_051833.1	357464	431756	UBE2V2/LOC100856084	final_score	0.4699	0.4698
NC_051833.1	357464	431756	UBE2V2/LOC100856084	final_score_percentile	56.4	56.2
NC_051833.1	1669770	1738756	LOC100684688/LOC119866769	atac_mean	0.878234753932267	0.8885327558737759
NC_051833.1	1669770	1738756	LOC100684688/LOC119866769	atac_mean_percentile	0.07266666666666667	0.042333333333333334
NC_051833.1	1669770	1738756	LOC100684688/LOC119866769	atac_mean_narrow	0.846088807721436	0.8756358176107394
NC_051833.1	1669770	1738756	LOC100684688/LOC119866769	atac_mean_narrow_percentile	0.058	0.041
NC_051833.1	1669770	1738756	LOC100684688/LOC119866769	atac_variability	0.04747027443482571	0.04747027457362022
NC_051833.1	1669770	1738756	LOC100684688/LOC119866769	final_score_percentile	85.2	85.0
NC_051833.1	20829395	20898312	LOC119866675/MSC	atac_mean	0.9909663961077756	0.9938438964445294
NC_051833.1	20829395	20898312	LOC119866675/MSC	atac_mean_percentile	0.47533333333333333	0.462
NC_051833.1	20829395	20898312	LOC119866675/MSC	atac_mean_narrow	0.9673957350499928	0.9759285931050552
NC_051833.1	20829395	20898312	LOC119866675/MSC	atac_mean_narrow_percentile	0.402	0.418
NC_051833.1	20829395	20898312	LOC119866675/MSC	atac_variability	0.05190086600882605	0.05190086624760128
NC_051833.1	20829395	20898312	LOC119866675/MSC	score_stability_atac	0.5103	0.5107
NC_051833.1	20829395	20898312	LOC119866675/MSC	final_score	0.3984	0.3985
NC_051833.1	20829395	20898312	LOC119866675/MSC	final_score_percentile	37.1	37.3
NC_051833.1	21906082	21964104	LOC111093217/LOC119866789	atac_mean	1.0308233515935155	1.0312607478542648
NC_051833.1	21906082	21964104	LOC111093217/LOC119866789	atac_mean_percentile	0.5966666666666667	0.5776666666666667
NC_051833.1	21906082	21964104	LOC111093217/LOC119866789	atac_mean_narrow	0.9912634530425072	0.992497396877919
NC_051833.1	21906082	21964104	LOC111093217/LOC119866789	atac_mean_narrow_percentile	0.493	0.481
NC_051833.1	21906082	21964104	LOC111093217/LOC119866789	atac_variability	0.05286642921201241	0.05286642954338096
NC_051833.1	23112498	23172320	LOC111093212/LOC111093135	atac_mean	0.9396621301879312	0.9404418338083949
NC_051833.1	23112498	23172320	LOC111093212/LOC111093135	atac_mean_percentile	0.2653333333333333	0.23233333333333334
NC_051833.1	23112498	23172320	LOC111093212/LOC111093135	atac_mean_narrow	0.9561554263144731	0.9561489815711975
NC_051833.1	23112498	23172320	LOC111093212/LOC111093135	atac_mean_narrow_percentile	0.3446666666666667	0.3233333333333333
NC_051833.1	23112498	23172320	LOC111093212/LOC111093135	atac_variability	0.04964312970345223	0.0496431300192842
NC_051833.1	23509733	23568950	CRISPLD1/LOC100688946	atac_mean	0.9238943244718939	0.9262343038373075
NC_051833.1	23509733	23568950	CRISPLD1/LOC100688946	atac_mean_percentile	0.18866666666666668	0.15933333333333333
NC_051833.1	23509733	23568950	CRISPLD1/LOC100688946	atac_mean_narrow	0.932711797015369	0.9327055139914155
NC_051833.1	23509733	23568950	CRISPLD1/LOC100688946	atac_mean_narrow_percentile	0.23833333333333334	0.213
NC_051833.1	23509733	23568950	CRISPLD1/LOC100688946	atac_variability	0.04874279026607266	0.048742790372729286
NC_051833.1	23509733	23568950	CRISPLD1/LOC100688946	score_stability_atac	0.8813	0.881
NC_051833.1	23509733	23568950	CRISPLD1/LOC100688946	final_score	0.4661	0.466
NC_051833.1	28263136	28333785	LOC106558008/PAG1	veto_low_atac_accessibility	False	True
NC_051833.1	28263136	28333785	LOC106558008/PAG1	atac_mean	1.0505864779194676	1.056937571675244
NC_051833.1	28263136	28333785	LOC106558008/PAG1	atac_mean_percentile	0.647	0.6526666666666666
NC_051833.1	28263136	28333785	LOC106558008/PAG1	atac_mean_narrow	1.008787566587329	1.0087807734534144
NC_051833.1	28263136	28333785	LOC106558008/PAG1	atac_mean_narrow_percentile	0.554	0.536
NC_051833.1	28263136	28333785	LOC106558008/PAG1	atac_variability	0.05529169071735528	0.05529169117271071
NC_051833.1	28263136	28333785	LOC106558008/PAG1	score_stability_atac	0.325	0.324
NC_051833.1	28263136	28333785	LOC106558008/PAG1	final_score	0.389	0.3888
NC_051833.1	28623707	28681799	FABP5/LOC119866803	atac_mean	1.0219358711139908	1.0219289867251913
NC_051833.1	28623707	28681799	FABP5/LOC119866803	atac_mean_percentile	0.5696666666666667	0.5513333333333333
NC_051833.1	28623707	28681799	FABP5/LOC119866803	atac_mean_narrow	0.9597174493864179	0.9597109840527177
NC_051833.1	28623707	28681799	FABP5/LOC119866803	atac_mean_narrow_percentile	0.36566666666666664	0.3436666666666667
NC_051833.1	28623707	28681799	FABP5/LOC119866803	atac_variability	0.05416878762738987	0.05416878809301106
NC_051833.1	28623707	28681799	FABP5/LOC119866803	final_score_percentile	37.7	37.5
NC_051833.1	38580004	38634159	LOC100685448/LOC119866804	atac_mean	1.0549787851799097	1.055458917667129
NC_051833.1	38580004	38634159	LOC100685448/LOC119866804	atac_mean_percentile	0.6626666666666666	0.648
NC_051833.1	38580004	38634159	LOC100685448/LOC119866804	atac_mean_narrow	1.0162022914484143	1.016195446150005
NC_051833.1	38580004	38634159	LOC100685448/LOC119866804	atac_mean_narrow_percentile	0.5803333333333334	0.565
NC_051833.1	38580004	38634159	LOC100685448/LOC119866804	atac_variability	0.054455720687593356	0.054455720976345524
NC_051833.1	38580004	38634159	LOC100685448/LOC119866804	score_stability_atac	0.3617	0.3613
NC_051833.1	38580004	38634159	LOC100685448/LOC119866804	final_score	0.4667	0.4666
NC_051834.1	2536913	2592033	LOC111093357/GJD2	atac_mean	1.0569157994483396	1.0569086799400769
NC_051834.1	2536913	2592033	LOC111093357/GJD2	atac_mean_percentile	0.6673333333333333	0.6526666666666666
NC_051834.1	2536913	2592033	LOC111093357/GJD2	atac_mean_narrow	1.090128710885346	1.0901213656842708
NC_051834.1	2536913	2592033	LOC111093357/GJD2	atac_mean_narrow_percentile	0.7256666666666667	0.715
NC_051834.1	2536913	2592033	LOC111093357/GJD2	atac_variability	0.054609366408352226	0.054609366832351756
NC_051834.1	2536913	2592033	LOC111093357/GJD2	final_score_percentile	51.8	51.4
NC_051834.1	4478505	4544211	CDIN1/MEIS2	atac_mean	0.9721488865650912	0.9762281546039344
NC_051834.1	4478505	4544211	CDIN1/MEIS2	atac_mean_percentile	0.4103333333333333	0.396
NC_051834.1	4478505	4544211	CDIN1/MEIS2	atac_mean_narrow	0.9626113339409232	0.9626048467382788
NC_051834.1	4478505	4544211	CDIN1/MEIS2	atac_mean_narrow_percentile	0.382	0.3606666666666667
NC_051834.1	4478505	4544211	CDIN1/MEIS2	atac_variability	0.050492377326147336	0.0504923774791975
NC_051834.1	4478505	4544211	CDIN1/MEIS2	score_stability_atac	0.6547	0.654
NC_051834.1	4478505	4544211	CDIN1/MEIS2	final_score	0.587	0.5869
NC_051834.1	11061036	11119847	LOC119866880/LOC111093393	atac_mean	0.9905497481287092	0.9930759592125957
NC_051834.1	11061036	11119847	LOC119866880/LOC111093393	atac_mean_percentile	0.4736666666666667	0.46
NC_051834.1	11061036	11119847	LOC119866880/LOC111093393	atac_mean_narrow	1.0048107451349497	1.0048039773702622
NC_051834.1	11061036	11119847	LOC119866880/LOC111093393	atac_mean_narrow_percentile	0.542	0.5236666666666666
NC_051834.1	11061036	11119847	LOC119866880/LOC111093393	atac_variability	0.05043362696649594	0.050433627242827836
NC_051834.1	11061036	11119847	LOC119866880/LOC111093393	score_stability_atac	0.663	0.6623
NC_051834.1	11061036	11119847	LOC119866880/LOC111093393	final_score	0.3137	0.3136
NC_051834.1	24994850	25055410	FOXB1/LOC119866903	atac_mean	0.9647098821569406	0.9647033839551744
NC_051834.1	24994850	25055410	FOXB1/LOC119866903	atac_mean_percentile	0.382	0.3526666666666667
NC_051834.1	24994850	25055410	FOXB1/LOC119866903	atac_mean_narrow	0.9751287582665682	0.9751221900060772
NC_051834.1	24994850	25055410	FOXB1/LOC119866903	atac_mean_narrow_percentile	0.43466666666666665	0.41533333333333333
NC_051834.1	24994850	25055410	FOXB1/LOC119866903	atac_variability	0.05020960345568785	0.050209603647539375
NC_051834.1	24994850	25055410	FOXB1/LOC119866903	score_stability_atac	0.6907	0.691
NC_051834.1	24994850	25055410	FOXB1/LOC119866903	final_score	0.4645	0.4646
NC_051834.1	32644888	32717232	LOC111093320/LOC100684041	atac_mean	1.0762719989087	1.0814970272488702
NC_051834.1	32644888	32717232	LOC111093320/LOC100684041	atac_mean_percentile	0.7033333333333334	0.6986666666666667
NC_051834.1	32644888	32717232	LOC111093320/LOC100684041	atac_mean_narrow	1.1458282623589038	1.1472546119303517
NC_051834.1	32644888	32717232	LOC111093320/LOC100684041	atac_mean_narrow_percentile	0.7986666666666666	0.7916666666666666
NC_051834.1	32644888	32717232	LOC111093320/LOC100684041	atac_variability	0.05521633048596313	0.0552163308209168
NC_051834.1	32644888	32717232	LOC111093320/LOC100684041	score_stability_atac	0.329	0.3287
NC_051834.1	32644888	32717232	LOC111093320/LOC100684041	final_score	0.2878	0.2877
NC_051834.1	34669412	34723012	LOC102154511/LARP6	atac_mean	1.079805164620169	1.079797891717571
NC_051834.1	34669412	34723012	LOC102154511/LARP6	atac_mean_percentile	0.7096666666666667	0.6963333333333334
NC_051834.1	34669412	34723012	LOC102154511/LARP6	atac_mean_narrow	1.1034118130862713	1.1034043815404178
NC_051834.1	34669412	34723012	LOC102154511/LARP6	atac_mean_narrow_percentile	0.7453333333333333	0.7363333333333333
NC_051834.1	34669412	34723012	LOC102154511/LARP6	atac_variability	0.05518555250541072	0.055185552743898934
NC_051834.1	34669412	34723012	LOC102154511/LARP6	score_stability_atac	0.3297	0.33
NC_051834.1	34669412	34723012	LOC102154511/LARP6	final_score	0.3501	0.3502
NC_051834.1	38942658	39000282	LINGO1/LOC119866844	atac_mean	1.2528444908488985	1.252836052890012
NC_051834.1	38942658	39000282	LINGO1/LOC119866844	atac_mean_percentile	0.899	0.8963333333333333
NC_051834.1	38942658	39000282	LINGO1/LOC119866844	atac_mean_narrow	1.2496228241324425	1.2496144068017603
NC_051834.1	38942658	39000282	LINGO1/LOC119866844	atac_mean_narrow_percentile	0.8823333333333333	0.8783333333333333
NC_051834.1	38942658	39000282	LINGO1/LOC119866844	atac_variability	0.0650654042643464	0.06506540453548028
NC_051835.1	955347	1016678	LOC100688275/LOC102152193	atac_mean	0.9227669042671808	0.9231369777761874
NC_051835.1	955347	1016678	LOC100688275/LOC102152193	atac_mean_percentile	0.18	0.14333333333333334
NC_051835.1	955347	1016678	LOC100688275/LOC102152193	atac_mean_narrow	0.9052259667381645	0.9052198649808765
NC_051835.1	955347	1016678	LOC100688275/LOC102152193	atac_mean_narrow_percentile	0.121	0.087
NC_051835.1	955347	1016678	LOC100688275/LOC102152193	atac_variability	0.04885826993687626	0.04885827006433832
NC_051835.1	955347	1016678	LOC100688275/LOC102152193	score_stability_atac	0.869	0.8687
NC_051835.1	955347	1016678	LOC100688275/LOC102152193	final_score	0.5788	0.5787
NC_051835.1	13106261	13156978	LOC119867042/LOC111093424	atac_mean	0.9257863738716787	0.9257801367374997
NC_051835.1	13106261	13156978	LOC119867042/LOC111093424	atac_mean_percentile	0.19566666666666666	0.15666666666666668
NC_051835.1	13106261	13156978	LOC119867042/LOC111093424	atac_mean_narrow	0.9159609058737754	0.9159547360032797
NC_051835.1	13106261	13156978	LOC119867042/LOC111093424	atac_mean_narrow_percentile	0.16066666666666668	0.131
NC_051835.1	13106261	13156978	LOC119867042/LOC111093424	atac_variability	0.04943788308600773	0.049437883405161295
NC_051835.1	13106261	13156978	LOC119867042/LOC111093424	final_score_percentile	80.9	81.1
NC_051835.1	18249632	18323889	LOC100685420/LOC100685577	atac_mean	0.9078467658649786	0.9099851926561244
NC_051835.1	18249632	18323889	LOC100685420/LOC100685577	atac_mean_percentile	0.12566666666666668	0.08833333333333333
NC_051835.1	18249632	18323889	LOC100685420/LOC100685577	atac_mean_narrow	0.91652277880162	0.9165166039466858
NC_051835.1	18249632	18323889	LOC100685420/LOC100685577	atac_mean_narrow_percentile	0.16466666666666666	0.13333333333333333
NC_051835.1	18249632	18323889	LOC100685420/LOC100685577	atac_variability	0.0491852804681871	0.04918528048171801
NC_051835.1	23436373	23508916	LOC111093569/LOC119867012	atac_mean	0.9150195089293698	0.9213638102860341
NC_051835.1	23436373	23508916	LOC111093569/LOC119867012	atac_mean_percentile	0.14966666666666667	0.13533333333333333
NC_051835.1	23436373	23508916	LOC111093569/LOC119867012	atac_mean_narrow	0.9069188234865665	0.9289758905589046
NC_051835.1	23436373	23508916	LOC111093569/LOC119867012	atac_mean_narrow_percentile	0.127	0.19
NC_051835.1	23436373	23508916	LOC111093569/LOC119867012	atac_variability	0.048397113745408546	0.04839711386389673
NC_051835.1	33017236	33069006	LOC102152343/LOC111093484	atac_mean	1.1013429545218683	1.1018676318662364
NC_051835.1	33017236	33069006	LOC102152343/LOC111093484	atac_mean_percentile	0.7436666666666667	0.733
NC_051835.1	33017236	33069006	LOC102152343/LOC111093484	atac_mean_narrow	1.073942728859186	1.0739354945361614
NC_051835.1	33017236	33069006	LOC102152343/LOC111093484	atac_mean_narrow_percentile	0.702	0.6916666666666667
NC_051835.1	33017236	33069006	LOC102152343/LOC111093484	atac_variability	0.05684101653572683	0.05684101693609906
NC_051835.1	33785714	33837005	LOC119867070/LOC111093482	atac_mean	1.0255887493598956	1.0255818406927921
NC_051835.1	33785714	33837005	LOC119867070/LOC111093482	atac_mean_percentile	0.5783333333333334	0.5606666666666666
NC_051835.1	33785714	33837005	LOC119867070/LOC111093482	atac_mean_narrow	1.0290891754180194	1.0290822416573764
NC_051835.1	33785714	33837005	LOC119867070/LOC111093482	atac_mean_narrow_percentile	0.6143333333333333	0.6013333333333334
NC_051835.1	33785714	33837005	LOC119867070/LOC111093482	atac_variability	0.05244948567624258	0.052449486003506476
NC_051835.1	33785714	33837005	LOC119867070/LOC111093482	score_stability_atac	0.471	0.4717
NC_051835.1	33785714	33837005	LOC119867070/LOC111093482	final_score	0.4124	0.4125
NC_051835.1	36406001	36461046	SLC37A1/LOC119867027	atac_mean	1.2266232177952199	1.236725343784708
NC_051835.1	36406001	36461046	SLC37A1/LOC119867027	atac_mean_percentile	0.8773333333333333	0.8796666666666667
NC_051835.1	36406001	36461046	SLC37A1/LOC119867027	atac_mean_narrow	1.2239398011028766	1.223931556031108
NC_051835.1	36406001	36461046	SLC37A1/LOC119867027	atac_mean_narrow_percentile	0.864	0.86
NC_051835.1	36406001	36461046	SLC37A1/LOC119867027	atac_variability	0.06415692930784889	0.06415692982885655
NC_051835.1	36406001	36461046	SLC37A1/LOC119867027	score_stability_atac	0.126	0.1263
NC_051835.1	36406001	36461046	SLC37A1/LOC119867027	final_score	0.2891	0.2892
NC_051836.1	3698661	3752870	LOC111093630/GK2	atac_mean	0.8830867193963778	0.8847128100426509
NC_051836.1	3698661	3752870	LOC111093630/GK2	atac_mean_percentile	0.08	0.03866666666666667
NC_051836.1	3698661	3752870	LOC111093630/GK2	atac_mean_narrow	0.8436893965266645	0.8436837120056152
NC_051836.1	3698661	3752870	LOC111093630/GK2	atac_mean_narrow_percentile	0.057666666666666665	0.024333333333333332
NC_051836.1	3698661	3752870	LOC111093630/GK2	atac_variability	0.0478605360797179	0.04786053613493207
NC_051836.1	11276866	11345764	MEPE/LOC111093643	atac_mean	1.0035248584179142	1.003518098635841
NC_051836.1	11276866	11345764	MEPE/LOC111093643	atac_mean_percentile	0.5163333333333333	0.49733333333333335
NC_051836.1	11276866	11345764	MEPE/LOC111093643	atac_mean_narrow	0.9558872962370515	0.955880853831768
NC_051836.1	11276866	11345764	MEPE/LOC111093643	atac_mean_narrow_percentile	0.344	0.32233333333333336
NC_051836.1	11276866	11345764	MEPE/LOC111093643	atac_variability	0.05393542542937382	0.05393542577537141
NC_051836.1	27013911	27071204	NPNT/TBCK	atac_mean	1.0309355950252743	1.030928649507251
NC_051836.1	27013911	27071204	NPNT/TBCK	atac_mean_percentile	0.5973333333333334	0.5763333333333334
NC_051836.1	27013911	27071204	NPNT/TBCK	atac_mean_narrow	1.043225128248334	1.0432180988773703
NC_051836.1	27013911	27071204	NPNT/TBCK	atac_mean_narrow_percentile	0.6443333333333333	0.632
NC_051836.1	27013911	27071204	NPNT/TBCK	atac_variability	0.05280469644028534	0.05280469679541834
NC_051836.1	27013911	27071204	NPNT/TBCK	score_stability_atac	0.4477	0.448
NC_051837.1	574972	634483	LOC111093784/LOC111093791	atac_mean	0.9288814450434169	0.9467730496057164
NC_051837.1	574972	634483	LOC111093784/LOC111093791	atac_mean_percentile	0.212	0.26366666666666666
NC_051837.1	574972	634483	LOC111093784/LOC111093791	atac_mean_narrow	0.8919481584742666	0.9376527208183817
NC_051837.1	574972	634483	LOC111093784/LOC111093791	atac_mean_narrow_percentile	0.09033333333333333	0.235
NC_051837.1	574972	634483	LOC111093784/LOC111093791	atac_variability	0.050146459378585535	0.050146459644207136
NC_051837.1	574972	634483	LOC111093784/LOC111093791	score_stability_atac	0.6983	0.6987
NC_051837.1	574972	634483	LOC111093784/LOC111093791	final_score	0.4739	0.474
NC_051837.1	7790832	7842018	LOC111093705/IMPG2	atac_mean	0.9833541494704926	0.9833475242743728
NC_051837.1	7790832	7842018	LOC111093705/IMPG2	atac_mean_percentile	0.451	0.4246666666666667
NC_051837.1	7790832	7842018	LOC111093705/IMPG2	atac_mean_narrow	0.9884533782117069	0.9884467195533216
NC_051837.1	7790832	7842018	LOC111093705/IMPG2	atac_mean_narrow_percentile	0.48	0.46266666666666667
NC_051837.1	7790832	7842018	LOC111093705/IMPG2	atac_variability	0.05160349843484336	0.051603498604540825
NC_051837.1	8568536	8621477	LOC119867284/LOC111093752	atac_mean	1.0247712897517176	1.0276761458126513
NC_051837.1	8568536	8621477	LOC119867284/LOC111093752	atac_mean_percentile	0.5766666666666667	0.5666666666666667
NC_051837.1	8568536	8621477	LOC119867284/LOC111093752	atac_mean_narrow	1.0398419528439642	1.0476926428064592
NC_051837.1	8568536	8621477	LOC119867284/LOC111093752	atac_mean_narrow_percentile	0.6386666666666667	0.6443333333333333
NC_051837.1	8568536	8621477	LOC119867284/LOC111093752	atac_variability	0.053186427086108976	0.05318642746716804
NC_051837.1	8568536	8621477	LOC119867284/LOC111093752	score_stability_atac	0.4277	0.4273
NC_051837.1	8568536	8621477	LOC119867284/LOC111093752	final_score	0.3311	0.331
NC_051837.1	11353405	11418044	ALCAM/CBLB	atac_mean	0.9800595311230791	1.008126182888536
NC_051837.1	11353405	11418044	ALCAM/CBLB	atac_mean_percentile	0.43566666666666665	0.514
NC_051837.1	11353405	11418044	ALCAM/CBLB	atac_mean_narrow	0.9671218157097697	0.9671153004705906
NC_051837.1	11353405	11418044	ALCAM/CBLB	atac_mean_narrow_percentile	0.40066666666666667	0.38
NC_051837.1	11353405	11418044	ALCAM/CBLB	atac_variability	0.05185597816590675	0.0518559785079256
NC_051837.1	11353405	11418044	ALCAM/CBLB	score_stability_atac	0.5147	0.5157
NC_051837.1	11353405	11418044	ALCAM/CBLB	final_score	0.3989	0.3991
NC_051837.1	20017414	20079909	GAP43/LSAMP	atac_mean	1.055000570648212	1.0549934644555177
NC_051837.1	20017414	20079909	GAP43/LSAMP	atac_mean_percentile	0.663	0.647
NC_051837.1	20017414	20079909	GAP43/LSAMP	atac_mean_narrow	1.0958165866315366	1.0958092051148414
NC_051837.1	20017414	20079909	GAP43/LSAMP	atac_mean_narrow_percentile	0.7316666666666667	0.7216666666666667
NC_051837.1	20017414	20079909	GAP43/LSAMP	atac_variability	0.0553537320689426	0.05535373231136674
NC_051837.1	20017414	20079909	GAP43/LSAMP	score_stability_atac	0.322	0.3217
NC_051837.1	20017414	20079909	GAP43/LSAMP	final_score	0.4794	0.4793
NC_051837.1	20017414	20079909	GAP43/LSAMP	final_score_percentile	60.3	60.1
NC_051837.1	31269207	31329671	LOC106558167/FAM43A	atac_mean	1.206329957698626	1.2364855033144806
NC_051837.1	31269207	31329671	LOC106558167/FAM43A	atac_mean_percentile	0.8626666666666667	0.8796666666666667
NC_051837.1	31269207	31329671	LOC106558167/FAM43A	atac_mean_narrow	1.063771810503304	1.1392392447898028
NC_051837.1	31269207	31329671	LOC106558167/FAM43A	atac_mean_narrow_percentile	0.684	0.782
NC_051837.1	31269207	31329671	LOC106558167/FAM43A	atac_variability	0.06424498133281674	0.06424498183082235
NC_051837.1	31269207	31329671	LOC106558167/FAM43A	score_stability_atac	0.1253	0.1257
NC_051837.1	31269207	31329671	LOC106558167/FAM43A	final_score	0.2651	0.2652
NC_051838.1	7080793	7147581	NSUN2/UBE2QL1	atac_mean	1.1620108996046465	1.177428749264179
NC_051838.1	7080793	7147581	NSUN2/UBE2QL1	atac_mean_percentile	0.8196666666666667	0.8316666666666667
NC_051838.1	7080793	7147581	NSUN2/UBE2QL1	atac_mean_narrow	1.0819226648628713	1.131414772229257
NC_051838.1	7080793	7147581	NSUN2/UBE2QL1	atac_mean_narrow_percentile	0.7143333333333334	0.773
NC_051838.1	7080793	7147581	NSUN2/UBE2QL1	atac_variability	0.060298008794141156	0.060298009197620045
NC_051838.1	10054548	10126362	LOC111093922/LOC119867475	atac_mean	1.0906924109083338	1.0906850621193465
NC_051838.1	10054548	10126362	LOC111093922/LOC119867475	atac_mean_percentile	0.7316666666666667	0.7196666666666667
NC_051838.1	10054548	10126362	LOC111093922/LOC119867475	atac_mean_narrow	1.0497343019023537	1.0497272285446524
NC_051838.1	10054548	10126362	LOC111093922/LOC119867475	atac_mean_narrow_percentile	0.6596666666666666	0.6463333333333333
NC_051838.1	10054548	10126362	LOC111093922/LOC119867475	atac_variability	0.056157291946517626	0.05615729216805916
NC_051838.1	10054548	10126362	LOC111093922/LOC119867475	final_score_percentile	80.9	81.1
NC_051838.1	19004008	19067846	LOC119867441/CRYGS	atac_mean	1.143760368078102	1.1437526644237912
NC_051838.1	19004008	19067846	LOC119867441/CRYGS	atac_mean_percentile	0.7963333333333333	0.7906666666666666
NC_051838.1	19004008	19067846	LOC119867441/CRYGS	atac_mean_narrow	1.1272284898757934	1.1272208981782197
NC_051838.1	19004008	19067846	LOC119867441/CRYGS	atac_mean_narrow_percentile	0.7753333333333333	0.766
NC_051838.1	19004008	19067846	LOC119867441/CRYGS	atac_variability	0.058676335257210936	0.05867633578329921
NC_051838.1	19004008	19067846	LOC119867441/CRYGS	score_stability_atac	0.2277	0.228
NC_051838.1	19004008	19067846	LOC119867441/CRYGS	final_score	0.36	0.3601
NC_051838.1	19004008	19067846	LOC119867441/CRYGS	final_score_percentile	23.0	23.2
NC_051838.1	19321861	19376696	ADIPOQ/LOC119867406	atac_mean	1.0634005641229631	1.0633934019909113
NC_051838.1	19321861	19376696	ADIPOQ/LOC119867406	atac_mean_percentile	0.6783333333333333	0.6656666666666666
NC_051838.1	19321861	19376696	ADIPOQ/LOC119867406	atac_mean_narrow	1.0594971121147274	1.05948997515589
NC_051838.1	19321861	19376696	ADIPOQ/LOC119867406	atac_mean_narrow_percentile	0.678	0.6656666666666666
NC_051838.1	19321861	19376696	ADIPOQ/LOC119867406	atac_variability	0.05583066690220289	0.055830667344842246
NC_051838.1	19321861	19376696	ADIPOQ/LOC119867406	score_stability_atac	0.3033	0.304
NC_051838.1	19321861	19376696	ADIPOQ/LOC119867406	final_score	0.3229	0.323
NC_051838.1	33370196	33420674	MIR551B/LOC119867412	atac_mean	0.9316940137572497	0.9316877370650868
NC_051838.1	33370196	33420674	MIR551B/LOC119867412	atac_mean_percentile	0.22666666666666666	0.18966666666666668
NC_051838.1	33370196	33420674	MIR551B/LOC119867412	atac_mean_narrow	0.932291289396584	0.9322850095182658
NC_051838.1	33370196	33420674	MIR551B/LOC119867412	atac_mean_narrow_percentile	0.23533333333333334	0.20966666666666667
NC_051838.1	33370196	33420674	MIR551B/LOC119867412	atac_variability	0.04917735451164745	0.049177354646928205
NC_051838.1	33641835	33705242	LOC119867455/LOC102151967	atac_mean	0.9267161333328944	0.9270754153482156
NC_051838.1	33641835	33705242	LOC119867455/LOC102151967	atac_mean_percentile	0.20233333333333334	0.16566666666666666
NC_051838.1	33641835	33705242	LOC119867455/LOC102151967	atac_mean_narrow	0.9173706299647689	0.9173644481129944
NC_051838.1	33641835	33705242	LOC119867455/LOC102151967	atac_mean_narrow_percentile	0.16866666666666666	0.13833333333333334
NC_051838.1	33641835	33705242	LOC119867455/LOC102151967	atac_variability	0.04924724820131653	0.04924724822394499
NC_051838.1	33641835	33705242	LOC119867455/LOC102151967	score_stability_atac	0.8227	0.8223
NC_051838.1	33641835	33705242	LOC119867455/LOC102151967	final_score	0.5429	0.5428
NC_051838.1	33641835	33705242	LOC119867455/LOC102151967	final_score_percentile	80.3	80.0
NC_051838.1	34380069	34430694	LOC102152454/LOC111093889	atac_mean	1.0287780726294458	1.0297882180118467
NC_051838.1	34380069	34430694	LOC102152454/LOC111093889	atac_mean_percentile	0.589	0.5733333333333334
NC_051838.1	34380069	34430694	LOC102152454/LOC111093889	atac_mean_narrow	1.0243815402939915	1.0243746433228254
NC_051838.1	34380069	34430694	LOC102152454/LOC111093889	atac_mean_narrow_percentile	0.602	0.5883333333333334
NC_051838.1	34380069	34430694	LOC102152454/LOC111093889	atac_variability	0.052106470026637035	0.05210647044707056
NC_051838.1	34380069	34430694	LOC102152454/LOC111093889	score_stability_atac	0.4937	0.493
NC_051838.1	34380069	34430694	LOC102152454/LOC111093889	final_score	0.5291	0.529
NC_051838.1	36725342	36775647	FNDC3B/GHSR	atac_mean	1.007008480098835	1.0125368844624665
NC_051838.1	36725342	36775647	FNDC3B/GHSR	atac_mean_percentile	0.529	0.5273333333333333
NC_051838.1	36725342	36775647	FNDC3B/GHSR	atac_mean_narrow	1.023657237276435	1.031385734578224
NC_051838.1	36725342	36775647	FNDC3B/GHSR	atac_mean_narrow_percentile	0.6006666666666667	0.6063333333333333
NC_051838.1	36725342	36775647	FNDC3B/GHSR	atac_variability	0.052557576445369174	0.05255757696614688
NC_051838.1	40621835	40683716	LOC111093930/TBL1XR1	atac_mean	1.1620818992598356	1.1625437408674122
NC_051838.1	40621835	40683716	LOC111093930/TBL1XR1	atac_mean_percentile	0.8196666666666667	0.8166666666666667
NC_051838.1	40621835	40683716	LOC111093930/TBL1XR1	atac_mean_narrow	1.205938020721078	1.2059299007058144
NC_051838.1	40621835	40683716	LOC111093930/TBL1XR1	atac_mean_narrow_percentile	0.8486666666666667	0.8443333333333334
NC_051838.1	40621835	40683716	LOC111093930/TBL1XR1	atac_variability	0.060812606837248664	0.06081260728799516
NC_051839.1	1643004	1708560	LOC119867596/LOC119867597	veto_low_atac_accessibility	False	True
NC_051839.1	1643004	1708560	LOC119867596/LOC119867597	atac_mean	1.0153866017378121	1.0161547889242653
NC_051839.1	1643004	1708560	LOC119867596/LOC119867597	atac_mean_percentile	0.5553333333333333	0.5393333333333333
NC_051839.1	1643004	1708560	LOC119867596/LOC119867597	atac_mean_narrow	1.0310892789661885	1.03108233230263
NC_051839.1	1643004	1708560	LOC119867596/LOC119867597	atac_mean_narrow_percentile	0.6166666666666667	0.6053333333333333
NC_051839.1	1643004	1708560	LOC119867596/LOC119867597	atac_variability	0.05276850695674535	0.05276850728490237
NC_051839.1	1805405	1856208	FOXF2/LOC100684996	atac_mean	1.0547970336393946	1.060006185158142
NC_051839.1	1805405	1856208	FOXF2/LOC100684996	atac_mean_percentile	0.6623333333333333	0.6566666666666666
NC_051839.1	1805405	1856208	FOXF2/LOC100684996	atac_mean_narrow	1.0447197779864072	1.0579369515308852
NC_051839.1	1805405	1856208	FOXF2/LOC100684996	atac_mean_narrow_percentile	0.648	0.6613333333333333
NC_051839.1	1805405	1856208	FOXF2/LOC100684996	atac_variability	0.055710843147611676	0.05571084355678658
NC_051839.1	11518999	11569382	LOC111093992/LOC111094013	atac_mean	1.098479315986649	1.0984719185534186
NC_051839.1	11518999	11569382	LOC111093992/LOC111094013	atac_mean_percentile	0.7406666666666667	0.729
NC_051839.1	11518999	11569382	LOC111093992/LOC111094013	atac_mean_narrow	1.284502757512033	1.2844941098950804
NC_051839.1	11518999	11569382	LOC111093992/LOC111094013	atac_mean_narrow_percentile	0.899	0.897
NC_051839.1	11518999	11569382	LOC111093992/LOC111094013	atac_variability	0.05719193365335582	0.05719193386516799
NC_051839.1	11518999	11569382	LOC111093992/LOC111094013	score_stability_atac	0.263	0.2633
NC_051839.1	11518999	11569382	LOC111093992/LOC111094013	final_score	0.3755	0.3756
NC_051839.1	18052245	18123443	LOC111093969/LOC102156827	atac_mean	0.9535672072547317	0.9586097822989289
NC_051839.1	18052245	18123443	LOC111093969/LOC102156827	atac_mean_percentile	0.33466666666666667	0.32233333333333336
NC_051839.1	18052245	18123443	LOC111093969/LOC102156827	atac_mean_narrow	0.9956092677772045	1.0043909813612135
NC_051839.1	18052245	18123443	LOC111093969/LOC102156827	atac_mean_narrow_percentile	0.5106666666666667	0.5223333333333333
NC_051839.1	18052245	18123443	LOC111093969/LOC102156827	atac_variability	0.04999934533992856	0.04999934559202815
NC_051839.1	18052245	18123443	LOC111093969/LOC102156827	score_stability_atac	0.717	0.7173
NC_051839.1	18052245	18123443	LOC111093969/LOC102156827	final_score	0.589	0.5891
NC_051839.1	18052245	18123443	LOC111093969/LOC102156827	final_score_percentile	87.9	88.1
NC_051839.1	18480986	18533175	LOC111094025/LOC111094007	atac_mean	0.9967495989160157	0.997698735117
NC_051839.1	18480986	18533175	LOC111094025/LOC111094007	atac_mean_percentile	0.494	0.47533333333333333
NC_051839.1	18480986	18533175	LOC111094025/LOC111094007	atac_mean_narrow	0.9670991093814373	0.9695163841982534
NC_051839.1	18480986	18533175	LOC111094025/LOC111094007	atac_mean_narrow_percentile	0.40066666666666667	0.389
NC_051839.1	18480986	18533175	LOC111094025/LOC111094007	atac_variability	0.052105863325823884	0.05210586356352007
NC_051839.1	18480986	18533175	LOC111094025/LOC111094007	score_stability_atac	0.4937	0.493
NC_051839.1	18480986	18533175	LOC111094025/LOC111094007	final_score	0.4931	0.493
NC_051839.1	18480986	18533175	LOC111094025/LOC111094007	final_score_percentile	65.3	64.9
NC_051840.1	1166863	1219794	GALNT13/LOC106558288	atac_mean	0.9713250979511172	0.9713185528262883
NC_051840.1	1166863	1219794	GALNT13/LOC106558288	atac_mean_percentile	0.4073333333333333	0.38166666666666665
NC_051840.1	1166863	1219794	GALNT13/LOC106558288	atac_mean_narrow	0.9797817636944354	0.9797751615062356
NC_051840.1	1166863	1219794	GALNT13/LOC106558288	atac_mean_narrow_percentile	0.44966666666666666	0.43
NC_051840.1	1166863	1219794	GALNT13/LOC106558288	atac_variability	0.051295662491490854	0.05129566264073223
NC_051840.1	1166863	1219794	GALNT13/LOC106558288	score_stability_atac	0.5657	0.566
NC_051840.1	1166863	1219794	GALNT13/LOC106558288	final_score	0.4524	0.4525
NC_051840.1	7616013	7676372	LOC111094266/GCG	atac_mean	0.9967573037926108	0.997576958264335
NC_051840.1	7616013	7676372	LOC111094266/GCG	atac_mean_percentile	0.494	0.47533333333333333
NC_051840.1	7616013	7676372	LOC111094266/GCG	atac_mean_narrow	1.0510643227607013	1.0510572414413095
NC_051840.1	7616013	7676372	LOC111094266/GCG	atac_mean_narrow_percentile	0.661	0.6473333333333333
NC_051840.1	7616013	7676372	LOC111094266/GCG	atac_variability	0.05230852505493444	0.052308525200750376
NC_051840.1	8466112	8532234	LOC100688550/LOC119867785	atac_mean	0.8604426582862398	0.92140194811707
NC_051840.1	8466112	8532234	LOC100688550/LOC119867785	atac_mean_percentile	0.054	0.13533333333333333
NC_051840.1	8466112	8532234	LOC100688550/LOC119867785	atac_mean_narrow	0.9377765626251697	0.9377702442631125
NC_051840.1	8466112	8532234	LOC100688550/LOC119867785	atac_mean_narrow_percentile	0.262	0.235
NC_051840.1	8466112	8532234	LOC100688550/LOC119867785	atac_variability	0.04938128048653736	0.049381280482024184
NC_051840.1	14845639	14901149	UBR3/LOC111094278	atac_mean	1.006178709447996	1.0079877979960645
NC_051840.1	14845639	14901149	UBR3/LOC111094278	atac_mean_percentile	0.5266666666666666	0.5136666666666667
NC_051840.1	14845639	14901149	UBR3/LOC111094278	atac_mean_narrow	0.9913159028246998	0.9962906776630699
NC_051840.1	14845639	14901149	UBR3/LOC111094278	atac_mean_narrow_percentile	0.493	0.49566666666666664
NC_051840.1	14845639	14901149	UBR3/LOC111094278	atac_variability	0.052439552416349886	0.052439552728632245
NC_051840.1	14845639	14901149	UBR3/LOC111094278	score_stability_atac	0.4717	0.4723
NC_051840.1	14845639	14901149	UBR3/LOC111094278	final_score	0.4256	0.4258
NC_051840.1	16124607	16177018	CYBRD1/LOC111094279	atac_mean	1.0220277051249584	1.0234854238603786
NC_051840.1	16124607	16177018	CYBRD1/LOC111094279	atac_mean_percentile	0.57	0.555
NC_051840.1	16124607	16177018	CYBRD1/LOC111094279	atac_mean_narrow	1.0345000876158477	1.0383870701239428
NC_051840.1	16124607	16177018	CYBRD1/LOC111094279	atac_mean_narrow_percentile	0.6266666666666667	0.6216666666666667
NC_051840.1	16124607	16177018	CYBRD1/LOC111094279	atac_variability	0.05346176162348147	0.05346176191754494
NC_051840.1	16788107	16853124	LOC111094247/LOC119867830	atac_mean	1.0538007560245062	1.0541990102442547
NC_051840.1	16788107	16853124	LOC111094247/LOC119867830	atac_mean_percentile	0.658	0.6433333333333333
NC_051840.1	16788107	16853124	LOC111094247/LOC119867830	atac_mean_narrow	1.0268393993377685	1.0281176272858965
NC_051840.1	16788107	16853124	LOC111094247/LOC119867830	atac_mean_narrow_percentile	0.6093333333333333	0.6003333333333334
NC_051840.1	16788107	16853124	LOC111094247/LOC119867830	atac_variability	0.05440502227697859	0.05440502252082885
NC_051840.1	16788107	16853124	LOC111094247/LOC119867830	score_stability_atac	0.364	0.3647
NC_051840.1	16788107	16853124	LOC111094247/LOC119867830	final_score	0.5193	0.5195
NC_051840.1	24054229	24128740	LOC119867869/LOC111094258	atac_mean	0.9763898071573536	0.9763832290751321
NC_051840.1	24054229	24128740	LOC119867869/LOC111094258	atac_mean_percentile	0.4236666666666667	0.39766666666666667
NC_051840.1	24054229	24128740	LOC119867869/LOC111094258	atac_mean_narrow	0.992229447183013	0.9922227621465921
NC_051840.1	24054229	24128740	LOC119867869/LOC111094258	atac_mean_narrow_percentile	0.49666666666666665	0.47933333333333333
NC_051840.1	24054229	24128740	LOC119867869/LOC111094258	atac_variability	0.050894835116104355	0.05089483530610361
NC_051840.1	24296513	24361259	LOC111094259/LOC119867786	atac_mean	0.9821074177506635	0.9821008007062162
NC_051840.1	24296513	24361259	LOC111094259/LOC119867786	atac_mean_percentile	0.44466666666666665	0.41933333333333334
NC_051840.1	24296513	24361259	LOC111094259/LOC119867786	atac_mean_narrow	0.9482815191581845	0.9482751315578818
NC_051840.1	24296513	24361259	LOC111094259/LOC119867786	atac_mean_narrow_percentile	0.31133333333333335	0.28933333333333333
NC_051840.1	24296513	24361259	LOC111094259/LOC119867786	atac_variability	0.05167616255186719	0.051676162890089715
NC_051840.1	26520111	26586822	LOC111094249/LOC102155713	atac_mean	0.9546197682149573	0.9564054051083317
NC_051840.1	26520111	26586822	LOC111094249/LOC102155713	atac_mean_percentile	0.339	0.31466666666666665
NC_051840.1	26520111	26586822	LOC111094249/LOC102155713	atac_mean_narrow	0.95196509475559	0.956742392084257
NC_051840.1	26520111	26586822	LOC111094249/LOC102155713	atac_mean_narrow_percentile	0.328	0.325
NC_051840.1	26520111	26586822	LOC111094249/LOC102155713	atac_variability	0.05091695260315138	0.050916952663896196
NC_051840.1	26520111	26586822	LOC111094249/LOC102155713	score_stability_atac	0.605	0.6047
NC_051841.1	2245776	2303016	LOC119867916/TMEFF2	atac_mean	1.0477094069102442	1.0522983415160478
NC_051841.1	2245776	2303016	LOC119867916/TMEFF2	atac_mean_percentile	0.642	0.6406666666666667
NC_051841.1	2245776	2303016	LOC119867916/TMEFF2	atac_mean_narrow	1.0663949450016021	1.0663877620831133
NC_051841.1	2245776	2303016	LOC119867916/TMEFF2	atac_mean_narrow_percentile	0.6886666666666666	0.6783333333333333
NC_051841.1	2245776	2303016	LOC119867916/TMEFF2	atac_variability	0.05376831192044121	0.0537683121971462
NC_051841.1	2245776	2303016	LOC119867916/TMEFF2	score_stability_atac	0.392	0.3923
NC_051841.1	2245776	2303016	LOC119867916/TMEFF2	final_score	0.3414	0.3415
NC_051841.1	7533022	7602083	LOC100686361/LOC100686866	atac_mean	1.029041547295383	1.0290346166149429
NC_051841.1	7533022	7602083	LOC100686361/LOC100686866	atac_mean_percentile	0.5913333333333334	0.5716666666666667
NC_051841.1	7533022	7602083	LOC100686361/LOC100686866	atac_mean_narrow	0.9948762109294533	0.9948695104211569
NC_051841.1	7533022	7602083	LOC100686361/LOC100686866	atac_mean_narrow_percentile	0.508	0.49033333333333334
NC_051841.1	7533022	7602083	LOC100686361/LOC100686866	atac_variability	0.05310779388714451	0.05310779415820319
NC_051841.1	7533022	7602083	LOC100686361/LOC100686866	final_score_percentile	45.6	45.3
NC_051841.1	12473128	12532864	CD28/LOC100856338	atac_mean	1.0327903825270335	1.0332158331447907
NC_051841.1	12473128	12532864	CD28/LOC100856338	atac_mean_percentile	0.6046666666666667	0.5843333333333334
NC_051841.1	12473128	12532864	CD28/LOC100856338	atac_mean_narrow	1.013582066296041	1.013575235107541
NC_051841.1	12473128	12532864	CD28/LOC100856338	atac_mean_narrow_percentile	0.5736666666666667	0.5566666666666666
NC_051841.1	12473128	12532864	CD28/LOC100856338	atac_variability	0.05481906367832354	0.05481906409622189
NC_051841.1	12473128	12532864	CD28/LOC100856338	score_stability_atac	0.3473	0.3477
NC_051841.1	12473128	12532864	CD28/LOC100856338	final_score	0.5121	0.5122
NC_051841.1	27629161	27690392	LOC119867980/EPHA4	atac_mean	1.000852919607954	1.0041259743656707
NC_051841.1	27629161	27690392	LOC119867980/EPHA4	atac_mean_percentile	0.5083333333333333	0.49933333333333335
NC_051841.1	27629161	27690392	LOC119867980/EPHA4	atac_mean_narrow	0.9775331589072943	0.9775265749841928
NC_051841.1	27629161	27690392	LOC119867980/EPHA4	atac_mean_narrow_percentile	0.44266666666666665	0.4226666666666667
NC_051841.1	27629161	27690392	LOC119867980/EPHA4	atac_variability	0.05166249333566381	0.05166249369559177
NC_051841.1	28495545	28545686	LOC106558331/LOC119867969	atac_mean	1.0286916731294433	1.031255631545536
NC_051841.1	28495545	28545686	LOC106558331/LOC119867969	atac_mean_percentile	0.5886666666666667	0.5776666666666667
NC_051841.1	28495545	28545686	LOC106558331/LOC119867969	atac_mean_narrow	1.034753496080637	1.0347465272694827
NC_051841.1	28495545	28545686	LOC106558331/LOC119867969	atac_mean_narrow_percentile	0.6273333333333333	0.6143333333333333
NC_051841.1	28495545	28545686	LOC106558331/LOC119867969	atac_variability	0.053928053678994115	0.053928054055042
NC_051841.1	29390284	29459285	LOC111094442/SCG2	atac_mean	0.9544081800958474	0.9568284535679603
NC_051841.1	29390284	29459285	LOC111094442/SCG2	atac_mean_percentile	0.33866666666666667	0.31566666666666665
NC_051841.1	29390284	29459285	LOC111094442/SCG2	atac_mean_narrow	0.9541819229245185	0.9577671217888482
NC_051841.1	29390284	29459285	LOC111094442/SCG2	atac_mean_narrow_percentile	0.33866666666666667	0.3303333333333333
NC_051841.1	29390284	29459285	LOC111094442/SCG2	atac_variability	0.05008244978970043	0.05008244993586939
NC_051841.1	29390284	29459285	LOC111094442/SCG2	score_stability_atac	0.7067	0.7073
NC_051841.1	29390284	29459285	LOC111094442/SCG2	final_score	0.5345	0.5347
NC_051841.1	29837431	29901354	LOC111094360/LOC119867910	veto_low_atac_accessibility	True	False
NC_051841.1	29837431	29901354	LOC111094360/LOC119867910	atac_mean	0.9961779476966958	1.0600145484689625
NC_051841.1	29837431	29901354	LOC111094360/LOC119867910	atac_mean_percentile	0.492	0.6566666666666666
NC_051841.1	29837431	29901354	LOC111094360/LOC119867910	atac_mean_narrow	1.085547115702927	1.0868984233169292
NC_051841.1	29837431	29901354	LOC111094360/LOC119867910	atac_mean_narrow_percentile	0.7213333333333334	0.711
NC_051841.1	29837431	29901354	LOC111094360/LOC119867910	atac_variability	0.05378250006557347	0.053782500352174474
NC_051841.1	29837431	29901354	LOC111094360/LOC119867910	score_stability_atac	0.392	0.3923
NC_051841.1	29837431	29901354	LOC111094360/LOC119867910	final_score	0.4897	0.4898
NC_051841.1	29837431	29901354	LOC111094360/LOC119867910	final_score_percentile	63.8	64.0
NC_051842.1	3541738	3613722	LOC111094553/LOC111094552	atac_mean	0.8627868284015712	0.9289165044646057
NC_051842.1	3541738	3613722	LOC111094553/LOC111094552	atac_mean_percentile	0.056666666666666664	0.17466666666666666
NC_051842.1	3541738	3613722	LOC111094553/LOC111094552	atac_mean_narrow	0.9291271368116141	0.9291208786219358
NC_051842.1	3541738	3613722	LOC111094553/LOC111094552	atac_mean_narrow_percentile	0.21966666666666668	0.19066666666666668
NC_051842.1	3541738	3613722	LOC111094553/LOC111094552	atac_variability	0.049237511858477315	0.04923751202589566
NC_051842.1	3541738	3613722	LOC111094553/LOC111094552	score_stability_atac	0.824	0.8237
NC_051842.1	6148634	6217613	LOC119868013/RGS2	atac_mean	1.0170590582352619	1.018159238236434
NC_051842.1	6148634	6217613	LOC119868013/RGS2	atac_mean_percentile	0.558	0.5433333333333333
NC_051842.1	6148634	6217613	LOC119868013/RGS2	atac_mean_narrow	0.9679370612934232	0.9679305393382907
NC_051842.1	6148634	6217613	LOC119868013/RGS2	atac_mean_narrow_percentile	0.4046666666666667	0.382
NC_051842.1	6148634	6217613	LOC119868013/RGS2	atac_variability	0.05416695536190713	0.05416695556640027
NC_051842.1	8585823	8643867	BRINP3/LOC119868094	atac_mean	0.9255195319864096	0.9255132949770823
NC_051842.1	8585823	8643867	BRINP3/LOC119868094	atac_mean_percentile	0.19433333333333333	0.155
NC_051842.1	8585823	8643867	BRINP3/LOC119868094	atac_mean_narrow	0.9381842752769589	0.9381779535412789
NC_051842.1	8585823	8643867	BRINP3/LOC119868094	atac_mean_narrow_percentile	0.265	0.23733333333333334
NC_051842.1	8585823	8643867	BRINP3/LOC119868094	atac_variability	0.049297689933998065	0.04929769007489021
NC_051842.1	8585823	8643867	BRINP3/LOC119868094	score_stability_atac	0.8173	0.8167
NC_051842.1	8585823	8643867	BRINP3/LOC119868094	final_score	0.5065	0.5063
NC_051842.1	16412131	16486695	LOC111094583/LOC111094562	atac_mean	1.0742038952005946	1.074917461223644
NC_051842.1	16412131	16486695	LOC111094583/LOC111094562	atac_mean_percentile	0.7003333333333334	0.687
NC_051842.1	16412131	16486695	LOC111094583/LOC111094562	atac_mean_narrow	1.0511822845205665	1.0511752055794001
NC_051842.1	16412131	16486695	LOC111094583/LOC111094562	atac_mean_narrow_percentile	0.6613333333333333	0.6476666666666666
NC_051842.1	16412131	16486695	LOC111094583/LOC111094562	atac_variability	0.05595718312133612	0.055957183347226165
NC_051842.1	16412131	16486695	LOC111094583/LOC111094562	score_stability_atac	0.2977	0.298
NC_051842.1	16412131	16486695	LOC111094583/LOC111094562	final_score	0.3585	0.3586
NC_051842.1	19592201	19658874	LOC111094531/NUF2	atac_mean	1.0058750904433977	1.006623208998306
NC_051842.1	19592201	19658874	LOC111094531/NUF2	atac_mean_percentile	0.525	0.5076666666666667
NC_051842.1	19592201	19658874	LOC111094531/NUF2	atac_mean_narrow	0.9387839559063316	0.9387776316672564
NC_051842.1	19592201	19658874	LOC111094531/NUF2	atac_mean_narrow_percentile	0.26766666666666666	0.23966666666666667
NC_051842.1	19592201	19658874	LOC111094531/NUF2	atac_variability	0.05270597849657168	0.05270597888448392
NC_051842.1	22834825	22886249	OR10J2/ACKR1	atac_mean	1.094108269237244	1.1091996814314429
NC_051842.1	22834825	22886249	OR10J2/ACKR1	atac_mean_percentile	0.7343333333333333	0.7463333333333333
NC_051842.1	22834825	22886249	OR10J2/ACKR1	atac_mean_narrow	1.0373103237703443	1.0373033370010554
NC_051842.1	22834825	22886249	OR10J2/ACKR1	atac_mean_narrow_percentile	0.633	0.6193333333333333
NC_051842.1	22834825	22886249	OR10J2/ACKR1	atac_variability	0.057514694350029746	0.05751469467516417
NC_051842.1	22834825	22886249	OR10J2/ACKR1	score_stability_atac	0.253	0.2537
NC_051842.1	22834825	22886249	OR10J2/ACKR1	final_score	0.3333	0.3335
NC_051843.1	6868917	6934242	CLCN4/LOC119868598	atac_mean	1.0642076431213099	1.065423691428484
NC_051843.1	6868917	6934242	CLCN4/LOC119868598	atac_mean_percentile	0.682	0.67
NC_051843.1	6868917	6934242	CLCN4/LOC119868598	atac_mean_narrow	1.0386541423767806	1.0412502706349642
NC_051843.1	6868917	6934242	CLCN4/LOC119868598	atac_mean_narrow_percentile	0.6363333333333333	0.6286666666666667
NC_051843.1	6868917	6934242	CLCN4/LOC119868598	atac_variability	0.05623101436632537	0.056231014382890174
NC_051843.1	8354252	8409529	LOC106558419/LOC119868687	atac_mean	0.6566031430140568	0.9371964624968993
NC_051843.1	8354252	8409529	LOC106558419/LOC119868687	atac_mean_percentile	0.022	0.21566666666666667
NC_051843.1	8354252	8409529	LOC106558419/LOC119868687	atac_mean_narrow	0.7823815563619136	0.9308462641836276
NC_051843.1	8354252	8409529	LOC106558419/LOC119868687	atac_mean_narrow_percentile	0.04466666666666667	0.19933333333333333
NC_051843.1	8354252	8409529	LOC106558419/LOC119868687	atac_variability	0.05006369710577673	0.0500636971784017
NC_051843.1	8354252	8409529	LOC106558419/LOC119868687	score_stability_atac	0.709	0.7097
NC_051843.1	8354252	8409529	LOC106558419/LOC119868687	final_score	0.5358	0.5359
NC_051843.1	10578732	10643009	LOC480844/FANCB	atac_mean	0.9479373312935638	0.9486688997251449
NC_051843.1	10578732	10643009	LOC480844/FANCB	atac_mean_percentile	0.30833333333333335	0.2763333333333333
NC_051843.1	10578732	10643009	LOC480844/FANCB	atac_mean_narrow	0.968376326777041	0.9695817821912085
NC_051843.1	10578732	10643009	LOC480844/FANCB	atac_mean_narrow_percentile	0.407	0.38966666666666666
NC_051843.1	10578732	10643009	LOC480844/FANCB	atac_variability	0.05045285984662596	0.05045285997509876
NC_051843.1	10578732	10643009	LOC480844/FANCB	score_stability_atac	0.6607	0.66
NC_051843.1	10578732	10643009	LOC480844/FANCB	final_score	0.5767	0.5766
NC_051843.1	10578732	10643009	LOC480844/FANCB	final_score_percentile	85.7	85.5
NC_051843.1	15197385	15269910	LOC119868379/LOC119868161	atac_mean	0.9136476589344321	0.9523801669023296
NC_051843.1	15197385	15269910	LOC119868379/LOC119868161	atac_mean_percentile	0.14333333333333334	0.29433333333333334
NC_051843.1	15197385	15269910	LOC119868379/LOC119868161	atac_mean_narrow	0.9165248512819409	0.9165186779797078
NC_051843.1	15197385	15269910	LOC119868379/LOC119868161	atac_mean_narrow_percentile	0.16466666666666666	0.13366666666666666
NC_051843.1	15197385	15269910	LOC119868379/LOC119868161	atac_variability	0.050665101285342254	0.05066510158077081
NC_051843.1	15197385	15269910	LOC119868379/LOC119868161	score_stability_atac	0.63	0.6303
NC_051843.1	15197385	15269910	LOC119868379/LOC119868161	final_score	0.5551	0.5552
NC_051843.1	26196588	26269373	TRNAE-CUC-22/LOC119868188	atac_mean	1.0011115852488244	1.0011048412033512
NC_051843.1	26196588	26269373	TRNAE-CUC-22/LOC119868188	atac_mean_percentile	0.5093333333333333	0.49
NC_051843.1	26196588	26269373	TRNAE-CUC-22/LOC119868188	atac_mean_narrow	0.9848380486369133	0.984831413410604
NC_051843.1	26196588	26269373	TRNAE-CUC-22/LOC119868188	atac_mean_narrow_percentile	0.4683333333333333	0.44966666666666666
NC_051843.1	26196588	26269373	TRNAE-CUC-22/LOC119868188	atac_variability	0.05180757696220706	0.05180757722779934
NC_051843.1	26196588	26269373	TRNAE-CUC-22/LOC119868188	score_stability_atac	0.519	0.5193
NC_051843.1	32334636	32387595	LOC612281/LOC111094893	atac_mean	0.9071559072605543	0.9208691979442288
NC_051843.1	32334636	32387595	LOC612281/LOC111094893	atac_mean_percentile	0.122	0.13233333333333333
NC_051843.1	32334636	32387595	LOC612281/LOC111094893	atac_mean_narrow	0.9074497739151121	0.9074436612799763
NC_051843.1	32334636	32387595	LOC612281/LOC111094893	atac_mean_narrow_percentile	0.12833333333333333	0.09433333333333334
NC_051843.1	32334636	32387595	LOC612281/LOC111094893	atac_variability	0.049416357376142535	0.04941635741222467
NC_051843.1	34617972	34669640	LOC119868190/BCOR	atac_mean	0.7625203280447022	1.1684451874709474
NC_051843.1	34617972	34669640	LOC119868190/BCOR	atac_mean_percentile	0.030333333333333334	0.825
NC_051843.1	34617972	34669640	LOC119868190/BCOR	atac_mean_narrow	0.28360292605906723	0.974741421098315
NC_051843.1	34617972	34669640	LOC119868190/BCOR	atac_mean_narrow_percentile	0.015333333333333332	0.414
NC_051843.1	34617972	34669640	LOC119868190/BCOR	atac_variability	0.061309657009115164	0.061309657741954605
NC_051843.1	34617972	34669640	LOC119868190/BCOR	score_stability_atac	0.1677	0.168
NC_051843.1	34617972	34669640	LOC119868190/BCOR	final_score	0.5273	0.5274
NC_051843.1	35941631	35992808	LOC111094865/CASK	atac_mean	0.9992789500004535	0.9992722194309678
NC_051843.1	35941631	35992808	LOC111094865/CASK	atac_mean_percentile	0.5013333333333333	0.4806666666666667
NC_051843.1	35941631	35992808	LOC111094865/CASK	atac_mean_narrow	1.019229010026157	1.0192221466973423
NC_051843.1	35941631	35992808	LOC111094865/CASK	atac_mean_narrow_percentile	0.5876666666666667	0.5733333333333334
NC_051843.1	35941631	35992808	LOC111094865/CASK	atac_variability	0.053075726402845975	0.053075726520972755
NC_051843.1	35941631	35992808	LOC111094865/CASK	score_stability_atac	0.433	0.4333
NC_051843.1	35941631	35992808	LOC111094865/CASK	final_score	0.4714	0.4715
NC_051843.1	35941631	35992808	LOC111094865/CASK	final_score_percentile	57.0	57.3
NC_051843.1	50115742	50188659	LOC119868203/WAS	atac_mean	0.6254446655904223	0.8831037020307946
NC_051843.1	50115742	50188659	LOC119868203/WAS	atac_mean_percentile	0.02033333333333333	0.037
NC_051843.1	50115742	50188659	LOC119868203/WAS	atac_mean_narrow	0.8640713888220489	0.867318009586077
NC_051843.1	50115742	50188659	LOC119868203/WAS	atac_mean_narrow_percentile	0.06666666666666667	0.035333333333333335
NC_051843.1	50115742	50188659	LOC119868203/WAS	atac_variability	0.04859026928052795	0.04859026926140941
NC_051843.1	50115742	50188659	LOC119868203/WAS	score_stability_atac	0.8977	0.898
NC_051843.1	50115742	50188659	LOC119868203/WAS	final_score	0.5773	0.5774
NC_051843.1	50115742	50188659	LOC119868203/WAS	final_score_percentile	85.9	85.7
NC_051843.1	51534278	51599514	LOC100686592/LOC491922	atac_mean	0.8284189555775956	0.8934691487443048
NC_051843.1	51534278	51599514	LOC100686592/LOC491922	atac_mean_percentile	0.041	0.050333333333333334
NC_051843.1	51534278	51599514	LOC100686592/LOC491922	atac_mean_narrow	0.9052951099351049	0.9052890119031072
NC_051843.1	51534278	51599514	LOC100686592/LOC491922	atac_mean_narrow_percentile	0.121	0.087
NC_051843.1	51534278	51599514	LOC100686592/LOC491922	atac_variability	0.048784100646643264	0.048784100605951564
NC_051843.1	56733328	56786162	TAF1/LOC100688354	atac_mean	0.9472257541293393	0.9476677894329302
NC_051843.1	56733328	56786162	TAF1/LOC100688354	atac_mean_percentile	0.304	0.269
NC_051843.1	56733328	56786162	TAF1/LOC100688354	atac_mean_narrow	0.9235163851454854	0.9246659926613222
NC_051843.1	56733328	56786162	TAF1/LOC100688354	atac_mean_narrow_percentile	0.19266666666666668	0.16933333333333334
NC_051843.1	56733328	56786162	TAF1/LOC100688354	atac_variability	0.04931634988161905	0.04931634999047115
NC_051843.1	56733328	56786162	TAF1/LOC100688354	score_stability_atac	0.815	0.8143
NC_051843.1	56733328	56786162	TAF1/LOC100688354	final_score	0.5319	0.5318
NC_051843.1	59813343	59874197	UPRT/ZDHHC15	atac_mean	0.8746928805601986	0.8754062548355244
NC_051843.1	59813343	59874197	UPRT/ZDHHC15	atac_mean_percentile	0.06866666666666667	0.029333333333333333
NC_051843.1	59813343	59874197	UPRT/ZDHHC15	atac_mean_narrow	0.8683726623132825	0.8694536266771514
NC_051843.1	59813343	59874197	UPRT/ZDHHC15	atac_mean_narrow_percentile	0.069	0.03766666666666667
NC_051843.1	59813343	59874197	UPRT/ZDHHC15	atac_variability	0.04798948269957408	0.04798948247462216
NC_051843.1	59813343	59874197	UPRT/ZDHHC15	score_stability_atac	0.938	0.9377
NC_051843.1	69851587	69907041	PABPC5/LOC111094733	atac_mean	0.8525827283208777	0.8568260367969122
NC_051843.1	69851587	69907041	PABPC5/LOC111094733	atac_mean_percentile	0.049	0.018666666666666668
NC_051843.1	69851587	69907041	PABPC5/LOC111094733	atac_mean_narrow	0.8517498218342662	0.8592626286567686
NC_051843.1	69851587	69907041	PABPC5/LOC111094733	atac_mean_narrow_percentile	0.061	0.032
NC_051843.1	69851587	69907041	PABPC5/LOC111094733	atac_variability	0.04743206097665396	0.04743206073628904
NC_051843.1	74667098	74718660	LOC119868578/LOC119868214	atac_mean	0.8352979043748833	0.8642041122330674
NC_051843.1	74667098	74718660	LOC119868578/LOC119868214	atac_mean_percentile	0.043666666666666666	0.021666666666666667
NC_051843.1	74667098	74718660	LOC119868578/LOC119868214	atac_mean_narrow	0.8790213340200483	0.8790154094487429
NC_051843.1	74667098	74718660	LOC119868578/LOC119868214	atac_mean_narrow_percentile	0.07666666666666666	0.042666666666666665
NC_051843.1	74667098	74718660	LOC119868578/LOC119868214	atac_variability	0.04734651010402112	0.047346510300356005
NC_051843.1	77845859	77904191	BHLHB9/LOC119868603	atac_mean	0.8992060164822061	0.9026818087201631
NC_051843.1	77845859	77904191	BHLHB9/LOC119868603	atac_mean_percentile	0.10533333333333333	0.065
NC_051843.1	77845859	77904191	BHLHB9/LOC119868603	atac_mean_narrow	0.8599770046398043	0.8599712079763413
NC_051843.1	77845859	77904191	BHLHB9/LOC119868603	atac_mean_narrow_percentile	0.065	0.03233333333333333
NC_051843.1	77845859	77904191	BHLHB9/LOC119868603	atac_variability	0.048024068063747975	0.04802406805121122
NC_051843.1	79168554	79226339	FAM199X/ESX1	atac_mean	0.9060743531886708	0.9232437624757492
NC_051843.1	79168554	79226339	FAM199X/ESX1	atac_mean_percentile	0.11833333333333333	0.14366666666666666
NC_051843.1	79168554	79226339	FAM199X/ESX1	atac_mean_narrow	0.9546006698444486	0.954594236575067
NC_051843.1	79168554	79226339	FAM199X/ESX1	atac_mean_narrow_percentile	0.341	0.31733333333333336
NC_051843.1	79168554	79226339	FAM199X/ESX1	atac_variability	0.04944693725227886	0.04944693738144314
NC_051843.1	82817447	82882230	PRPS1/TSC22D3	atac_mean	1.437577500729364	1.4381227965160839
NC_051843.1	82817447	82882230	PRPS1/TSC22D3	atac_mean_percentile	0.9656666666666667	0.965
NC_051843.1	82817447	82882230	PRPS1/TSC22D3	atac_mean_narrow	1.7937181120544672	1.7959509667735523
NC_051843.1	82817447	82882230	PRPS1/TSC22D3	atac_mean_narrow_percentile	0.9846666666666667	0.9843333333333333
NC_051843.1	82817447	82882230	PRPS1/TSC22D3	atac_variability	0.07692197436618141	0.07692197481378052
NC_051843.1	90957857	91025361	LOC119868706/LOC111094871	atac_mean	0.9288041620663406	0.9294863714356255
NC_051843.1	90957857	91025361	LOC119868706/LOC111094871	atac_mean_percentile	0.212	0.17733333333333334
NC_051843.1	90957857	91025361	LOC119868706/LOC111094871	atac_mean_narrow	0.94047500795722	0.9404686711505056
NC_051843.1	90957857	91025361	LOC119868706/LOC111094871	atac_mean_narrow_percentile	0.27466666666666667	0.24933333333333332
NC_051843.1	90957857	91025361	LOC119868706/LOC111094871	atac_variability	0.04939753646507394	0.04939753662511933
NC_051843.1	90957857	91025361	LOC119868706/LOC111094871	final_score_percentile	78.7	79.0
NC_051843.1	97127995	97179954	XIAP/LOC119868511	atac_mean	0.7264727007786033	0.9198845021385643
NC_051843.1	97127995	97179954	XIAP/LOC119868511	atac_mean_percentile	0.027666666666666666	0.12766666666666668
NC_051843.1	97127995	97179954	XIAP/LOC119868511	atac_mean_narrow	0.745271180793643	0.9389771432307801
NC_051843.1	97127995	97179954	XIAP/LOC119868511	atac_mean_narrow_percentile	0.03966666666666667	0.24066666666666667
NC_051843.1	97127995	97179954	XIAP/LOC119868511	atac_variability	0.04914107916556184	0.04914107923780205
NC_051843.1	99485997	99542726	LOC492115/LOC609540	atac_mean	0.8757520445348782	0.8761322489184376
NC_051843.1	99485997	99542726	LOC492115/LOC609540	atac_mean_percentile	0.07033333333333333	0.03
NC_051843.1	99485997	99542726	LOC492115/LOC609540	atac_mean_narrow	0.8912472313031554	0.8912412278532982
NC_051843.1	99485997	99542726	LOC492115/LOC609540	atac_mean_narrow_percentile	0.08966666666666667	0.057666666666666665
NC_051843.1	99485997	99542726	LOC492115/LOC609540	atac_variability	0.047845172925643345	0.04784517307961498
NC_051843.1	104147730	104215864	LOC119868710/IGSF1	atac_mean	0.9529016190291739	0.952895201174238
NC_051843.1	104147730	104215864	LOC119868710/IGSF1	atac_mean_percentile	0.332	0.298
NC_051843.1	104147730	104215864	LOC119868710/IGSF1	atac_mean_narrow	0.9500322213053704	0.9500258221283555
NC_051843.1	104147730	104215864	LOC119868710/IGSF1	atac_mean_narrow_percentile	0.322	0.29933333333333334
NC_051843.1	104147730	104215864	LOC119868710/IGSF1	atac_variability	0.049959386903663035	0.04995938690289758
NC_051843.1	104147730	104215864	LOC119868710/IGSF1	score_stability_atac	0.723	0.7227
NC_051843.1	104147730	104215864	LOC119868710/IGSF1	final_score	0.5644	0.5643
NC_051843.1	105250253	105306545	LOC119868568/LOC111094836	atac_mean	0.9347872532436138	0.9351962897121818
NC_051843.1	105250253	105306545	LOC119868568/LOC111094836	atac_mean_percentile	0.24233333333333335	0.20866666666666667
NC_051843.1	105250253	105306545	LOC119868568/LOC111094836	atac_mean_narrow	0.9599044978886843	0.9598980334237218
NC_051843.1	105250253	105306545	LOC119868568/LOC111094836	atac_mean_narrow_percentile	0.36633333333333334	0.3446666666666667
NC_051843.1	105250253	105306545	LOC119868568/LOC111094836	atac_variability	0.048889104438038115	0.04888910448698307
NC_051843.1	105886803	105957615	LOC111094882/GPC4	atac_mean	1.0225883858497349	1.0243897895048897
NC_051843.1	105886803	105957615	LOC111094882/GPC4	atac_mean_percentile	0.572	0.5573333333333333
NC_051843.1	105886803	105957615	LOC111094882/GPC4	atac_mean_narrow	0.9931053141862154	0.9993445264168506
NC_051843.1	105886803	105957615	LOC111094882/GPC4	atac_mean_narrow_percentile	0.5016666666666667	0.505
NC_051843.1	105886803	105957615	LOC111094882/GPC4	atac_variability	0.05149599061425647	0.05149599074034208
NC_051843.1	105886803	105957615	LOC111094882/GPC4	score_stability_atac	0.549	0.5487
NC_051843.1	116212579	116266672	LOC100686375/LOC100856426	atac_mean	0.9236748103777078	0.9245231559324425
NC_051843.1	116212579	116266672	LOC100686375/LOC100856426	atac_mean_percentile	0.18566666666666667	0.15
NC_051843.1	116212579	116266672	LOC100686375/LOC100856426	atac_mean_narrow	0.9480642124451697	0.9480578273162246
NC_051843.1	116212579	116266672	LOC100686375/LOC100856426	atac_mean_narrow_percentile	0.31033333333333335	0.28833333333333333
NC_051843.1	116212579	116266672	LOC100686375/LOC100856426	atac_variability	0.04924605253574723	0.049246052656830554
NC_051843.1	116212579	116266672	LOC100686375/LOC100856426	score_stability_atac	0.8227	0.8223
NC_051843.1	122201824	122251894	LOC100686136/LOC492221	atac_mean	0.9034895969813328	0.9066523571807142
NC_051843.1	122201824	122251894	LOC100686136/LOC492221	atac_mean_percentile	0.11233333333333333	0.077
NC_051843.1	122201824	122251894	LOC100686136/LOC492221	atac_mean_narrow	0.9030043748259544	0.9029982920691371
NC_051843.1	122201824	122251894	LOC100686136/LOC492221	atac_mean_narrow_percentile	0.115	0.08233333333333333
NC_051843.1	122201824	122251894	LOC100686136/LOC492221	atac_variability	0.04819113912718129	0.048191139182309155
NC_051843.1	122201824	122251894	LOC100686136/LOC492221	score_stability_atac	0.9293	0.929
NC_051843.1	122735338	122788464	LOC612447/LOC119868662	atac_mean	0.9174447773852649	0.9174385957751688
NC_051843.1	122735338	122788464	LOC612447/LOC119868662	atac_mean_percentile	0.157	0.11533333333333333
NC_051843.1	122735338	122788464	LOC612447/LOC119868662	atac_mean_narrow	0.9235535349696875	0.9235473127186299
NC_051843.1	122735338	122788464	LOC612447/LOC119868662	atac_mean_narrow_percentile	0.19266666666666668	0.16366666666666665
NC_051843.1	122735338	122788464	LOC612447/LOC119868662	atac_variability	0.04914316760116541	0.049143167837172055
NC_051843.1	122883327	122939331	LOC119868539/CETN2	atac_mean	0.9684054665089199	0.9775629415891915
NC_051843.1	122883327	122939331	LOC119868539/CETN2	atac_mean_percentile	0.39666666666666667	0.4026666666666667
NC_051843.1	122883327	122939331	LOC119868539/CETN2	atac_mean_narrow	0.9091764345087111	0.9103081943193574
NC_051843.1	122883327	122939331	LOC119868539/CETN2	atac_mean_narrow_percentile	0.13266666666666665	0.10533333333333333
NC_051843.1	122883327	122939331	LOC119868539/CETN2	atac_variability	0.05168716437564966	0.05168716461658222
NC_051843.1	122883327	122939331	LOC119868539/CETN2	final_score_percentile	47.1	47.3
